312 537 
1971 2717 
2351 974 
300 2856 
4381 2535 
248 4596 
4472 4472 
3540 2285 
77 2267 
2143 3230 
84 224 
4597 4597 
4383 1247 
759 3682 
4341 1752 
1458 724 
2643 4596 
1643 4555 
3986 1752 
2029 3682 
1696 224 
1727 4596 
2029 879 
3484 3230 
995 4555 
569 879 
2556 3364 
3480 1752 
2061 1818 
3095 1818 
850 1818 
74 3682 
4297 3364 
519 4042 
759 1790 
2481 1818 
3627 4042 
15 2576 
3823 4432 
20 4042 
3823 599 
3610 1582 
3320 726 
3881 2267 
4595 3929 
555 1582 
77 1134 
2061 3880 
505 4598 
4059 3997 
3881 4598 
2714 883 
3825 3997 
1888 2576 
300 4599 
759 3990 
3425 3990 
312 3627 
4117 968 
3627 4600 
2267 4598 
537 2267 
2599 3333 
894 3627 
2714 3333 
4007 4454 
894 4042 
3367 4526 
1890 4259 
3034 4259 
2021 3977 
834 4259 
4005 4601 
850 4454 
4005 1582 
1727 2407 
2510 2535 
2963 3333 
138 3333 
4299 4602 
1738 3977 
153 3977 
1350 3990 
3770 4259 
3453 1560 
4199 4602 
2090 4579 
4007 3990 
1247 3333 
4603 3086 
3394 4598 
3512 1582 
2090 2566 
388 968 
