346 7751 
10686 10671 
4902 10687 
571 4936 
77 3447 
4902 3447 
4460 5481 
4163 3447 
5940 8502 
7309 10594 
74 2785 
7309 9358 
7804 10688 
10689 10688 
10689 9028 
10689 1580 
5280 1890 
77 405 
10414 8178 
77 5418 
616 3447 
6334 5418 
1890 5418 
3516 10687 
9870 405 
9989 3690 
10690 724 
9376 8774 
5972 9479 
74 10691 
4633 10692 
1995 10693 
901 4795 
8660 405 
901 3447 
1352 4795 
8505 7733 
5724 4795 
1352 9376 
6944 1890 
111 1797 
2267 4620 
7509 9479 
10694 10695 
5093 3690 
8660 10328 
6334 7733 
575 4795 
74 1228 
10684 9479 
726 1228 
