1738 10589 
1738 10467 
8772 5519 
8772 2730 
1247 9276 
7078 10424 
153 5493 
10590 5994 
9238 5994 
850 8120 
2263 10041 
616 10591 
4631 10591 
9870 8844 
10388 10388 
4902 1190 
2297 10592 
4011 2704 
10593 10591 
77 8445 
6303 10591 
10594 10589 
1730 9639 
4972 10591 
4972 8844 
4972 9276 
901 10591 
4221 4795 
4221 4795 
4221 4795 
1 759 
98 10591 
2964 10591 
8660 8445 
9719 6304 
10580 9966 
9602 1355 
1355 1960 
10421 10595 
835 10595 
2263 10041 
2267 10378 
5941 4027 
2158 312 
1939 5185 
4104 1355 
6126 10596 
6821 3095 
5087 3095 
194 10596 
6126 10596 
3455 10465 
1187 7773 
2868 10465 
