8660 14961 
14806 13352 
14394 2801 
11127 10855 
14618 15051 
4719 11796 
7843 1086 
575 13352 
13837 15052 
575 15042 
11197 15053 
6174 11108 
572 14561 
1352 11115 
15054 3 
14955 850 
10659 14896 
3330 15055 
6510 15056 
3781 15053 
77 802 
77 4962 
8120 14212 
7753 10033 
1890 14736 
9510 802 
77 459 
77 459 
3540 4962 
4251 6370 
7804 802 
14 1828 
8059 1288 
5493 4962 
9348 15057 
15058 9423 
4391 15059 
8232 15053 
10465 15060 
7326 6669 
12054 15036 
48 4982 
13388 15061 
13837 7832 
14618 15062 
14308 15063 
410 10865 
15064 15065 
10521 5493 
14775 14775 
57 1408 
15066 834 
