453 656 
5518 1045 
3186 4902 
5088 5519 
188 968 
1768 968 
84 3715 
1045 5493 
5360 968 
2351 5531 
3095 3715 
5532 5533 
43 5533 
5481 154 
4902 5533 
5418 5493 
5489 1691 
3247 679 
3247 679 
15 5481 
5534 211 
476 5481 
1790 5529 
3320 204 
504 656 
150 459 
4902 2541 
4769 2541 
5005 656 
894 4902 
5481 2541 
2215 459 
5535 5522 
1310 656 
84 5536 
5052 5533 
4891 5536 
567 5481 
182 1310 
4631 459 
4735 656 
5492 656 
3540 5493 
94 5300 
94 950 
960 1957 
265 459 
140 3523 
47 459 
5537 2704 
4891 5538 
4407 5538 
3847 1939 
544 3523 
1851 5481 
5095 309 
5162 5162 
4756 74 
