224 5937 
1890 5707 
5037 5037 
3425 4975 
3553 5916 
4972 1589 
770 5916 
5938 405 
5939 2136 
5772 4005 
5940 1247 
1761 2136 
4297 5935 
5520 5359 
4845 3222 
1522 1234 
3247 5253 
4735 3484 
1009 5883 
2871 4526 
3051 5941 
42 5942 
5943 1580 
5944 5945 
5504 5946 
368 704 
2704 5945 
5934 3484 
368 5944 
1738 5944 
405 4944 
3643 4944 
1135 1580 
5473 1580 
1050 2704 
4972 5788 
459 5944 
44 1163 
5942 5628 
2711 2875 
5882 4526 
995 5944 
5717 4944 
1045 1580 
1234 5275 
5293 5275 
5947 2136 
4011 5275 
1522 5944 
5947 599 
2429 2542 
686 5275 
5290 4397 
4589 4589 
5948 4918 
5949 2704 
5950 2211 
