3003 3643 
2481 1818 
10469 2105 
3577 3577 
153 10470 
4715 10213 
1556 3095 
10471 4246 
9778 10472 
7804 3095 
5126 3095 
1611 3641 
9574 10473 
74 1290 
9602 627 
4631 10474 
10414 627 
1030 6669 
10421 627 
3953 10233 
1556 10233 
5185 989 
10475 405 
4972 989 
1343 10233 
901 4795 
8819 989 
256 2704 
77 6443 
8660 989 
4297 10476 
1760 2071 
4497 6443 
2267 6443 
2714 1582 
2714 10477 
9028 10478 
3575 9119 
4643 10479 
4446 9119 
850 10480 
5087 1411 
3034 627 
8660 10081 
10444 10476 
1851 572 
10481 718 
10482 989 
4631 8196 
4972 10479 
4972 8196 
9036 2360 
5518 8529 
8911 8196 
9614 9614 
1890 6443 
