11284 13718 
925 968 
3095 13738 
4397 74 
1248 4631 
11573 13743 
2704 13675 
9510 3577 
3415 13744 
1239 13690 
724 13710 
4952 13745 
5541 452 
43 13746 
1611 9692 
430 3093 
759 759 
11731 7055 
11038 5312 
8276 10424 
3706 9692 
3018 9 
10659 13747 
1611 12597 
3320 3093 
5972 10236 
4134 13690 
2758 34 
7078 6806 
13345 5896 
3953 13748 
3104 13749 
13320 12737 
4593 5312 
850 13725 
11358 5896 
4025 5896 
4769 12715 
6193 12715 
3095 5896 
111 13750 
11284 13750 
11550 13751 
3320 11886 
10492 60 
4025 13345 
5052 727 
13386 13386 
6126 11038 
6193 13345 
6721 12480 
3986 13752 
6241 13753 
13320 5052 
