3272 3226 
3291 778 
3230 278 
3220 3220 
2976 3274 
1875 3097 
2045 3292 
2725 997 
2976 505 
3255 849 
1355 1355 
2976 1323 
3293 3294 
84 3255 
2976 2562 
2976 80 
2725 2725 
1400 3288 
1784 3292 
1738 1411 
609 97 
2725 97 
1790 1355 
877 3292 
2976 1209 
2983 2983 
726 1209 
1995 2287 
999 1323 
2983 2983 
571 656 
3295 3296 
571 656 
571 656 
571 656 
571 656 
571 656 
1790 679 
567 1776 
999 278 
877 278 
2960 2214 
3012 3234 
2029 917 
2704 3297 
96 2062 
77 2062 
15 3298 
3185 1323 
3299 1046 
850 3298 
2037 3297 
837 2287 
837 849 
1368 2875 
1522 459 
2216 2198 
3150 3300 
2608 905 
3228 1355 
3000 3301 
47 808 
609 616 
1589 2323 
2868 616 
497 1790 
3302 3300 
997 3298 
2963 2323 
3086 2323 
2043 1567 
2760 2281 
2633 2281 
1727 808 
3303 3303 
770 2323 
1760 3304 
2229 2051 
1141 1980 
2392 3304 
2256 1980 
2411 807 
3305 278 
