1601 2673 
1995 4151 
997 4152 
1928 4051 
2637 4153 
2187 2136 
2216 3359 
158 4051 
1601 4154 
43 2136 
960 4154 
1352 4155 
1377 1489 
2211 4156 
2935 4135 
459 4154 
96 3387 
2566 256 
4157 4158 
372 4158 
3719 4154 
4042 4154 
27 75 
856 2351 
43 4103 
3519 3148 
1835 2770 
34 2770 
44 2136 
34 34 
3881 4159 
2021 4103 
2021 2770 
1247 2770 
3248 530 
44 34 
3881 4160 
278 3364 
281 2136 
3095 2681 
4161 3840 
3095 3364 
4162 2681 
4073 4154 
2639 4155 
98 879 
1525 1525 
4163 1726 
995 4164 
1769 3285 
459 1355 
3364 2681 
77 4165 
3425 4165 
2763 1355 
44 4166 
459 4165 
3247 4165 
134 2281 
4167 935 
3881 3663 
726 2281 
2351 2281 
2738 3913 
256 3102 
2827 3913 
2087 64 
