90 26 
158 20 
158 121 
138 20 
134 903 
1307 1227 
1270 26 
1099 34 
121 20 
726 34 
43 1267 
287 1267 
193 1267 
726 1170 
154 26 
726 1190 
968 76 
299 1267 
968 1099 
70 850 
26 1164 
43 8 
564 372 
3 1297 
388 987 
675 1316 
837 1316 
121 43 
1259 26 
459 1190 
850 1190 
929 1317 
1190 382 
26 26 
110 394 
368 1316 
368 668 
1318 76 
1248 850 
1319 1320 
726 571 
44 724 
1300 724 
1259 1029 
1157 1029 
90 571 
445 1124 
1318 1190 
368 724 
162 571 
1321 725 
901 165 
382 394 
564 569 
368 569 
1322 1317 
47 571 
1047 1320 
925 569 
43 366 
539 366 
850 116 
850 850 
850 1323 
153 850 
174 856 
900 366 
1121 116 
