10537 1582 
9277 18338 
12194 3807 
6599 18312 
17294 15432 
4902 16956 
5972 18335 
2963 10993 
14089 4888 
11116 7780 
850 9391 
3159 11985 
6510 14344 
2619 18339 
3842 18334 
18340 18183 
7804 16421 
6126 17058 
1197 10993 
11114 18341 
204 18342 
8676 6322 
18230 6443 
10424 18343 
98 894 
1890 13214 
37 18344 
850 18345 
13482 11173 
6510 18346 
5972 16350 
17924 16350 
5972 17681 
6510 1190 
77 97 
3367 13973 
18312 6910 
18248 5697 
18248 7237 
7095 15502 
6721 5968 
11116 18347 
613 14344 
1890 5968 
11116 18347 
16982 10691 
3295 17688 
