8660 3723 
8276 11914 
8660 11914 
8904 11914 
11886 7234 
138 11108 
9238 7234 
12127 726 
9510 11108 
835 4025 
9238 4025 
8889 4025 
5640 12533 
12194 33 
9479 3734 
5972 4025 
12534 12535 
3018 2704 
12536 12537 
10659 7234 
12538 3723 
1108 12537 
12499 12499 
10659 12519 
1890 4104 
27 1962 
4269 4104 
2704 12539 
4769 12537 
1769 12457 
12194 6669 
202 10033 
382 12540 
4841 6928 
1371 2594 
1509 10621 
1995 12541 
11886 12541 
3512 10236 
2963 6669 
43 199 
9238 12482 
10659 1170 
12542 8414 
4263 11946 
12529 12529 
7833 7957 
