3455 8828 
6721 13603 
7804 13442 
4407 158 
4952 158 
6751 3186 
7804 3159 
10659 1355 
13604 708 
3034 3034 
10659 2071 
4859 13363 
526 3222 
3607 13605 
644 1767 
13606 1767 
1248 4160 
3540 2216 
850 13605 
7804 12028 
4104 1985 
86 13363 
13025 4160 
1611 13607 
7753 8828 
2550 2071 
708 8544 
613 10828 
13388 13140 
1197 13140 
465 7878 
4397 12028 
1197 9276 
4643 77 
6721 10907 
5493 771 
8454 3350 
9600 9600 
4271 1714 
1248 9276 
5640 3159 
13608 13609 
1632 468 
1489 6721 
11038 13603 
11038 11830 
9923 13610 
11127 3159 
7733 13296 
134 4 
1951 8948 
4358 4358 
