6248 850 
2022 118 
892 7597 
9491 850 
2474 118 
2714 8377 
2481 4795 
4902 9492 
8660 1791 
4261 4633 
9493 9492 
2275 4902 
9494 4633 
2714 9490 
9495 43 
9238 9496 
43 9492 
74 9334 
2215 1809 
1343 1611 
4902 9497 
4902 1809 
6510 1809 
9493 1355 
9493 7573 
4059 7573 
9493 6796 
9493 1029 
9170 6796 
6821 4633 
2510 9498 
9499 8948 
2608 9410 
7886 9500 
5459 9500 
9344 917 
3542 9501 
3293 9394 
5421 4363 
8431 9502 
2704 2704 
2351 5399 
2246 9503 
4633 7573 
2246 6669 
7804 9504 
9479 9505 
4795 9506 
9507 9508 
4902 9509 
84 9509 
1408 5427 
5712 1271 
