5518 7407 
2215 5838 
8660 2704 
8660 6957 
138 5171 
5180 9151 
1041 4593 
6034 567 
6334 8750 
4902 9152 
4754 6577 
3540 2704 
1108 9153 
3540 567 
7833 567 
1805 567 
1851 1828 
1108 9154 
4692 2704 
2510 6957 
5972 9155 
1951 9155 
4643 8449 
6551 567 
1961 8449 
238 6577 
1985 6283 
7933 6577 
6964 8818 
158 9144 
2765 567 
8251 7282 
1108 2576 
2963 567 
2637 7497 
7028 9150 
7028 9150 
44 506 
309 134 
1963 567 
7900 567 
3095 2923 
4497 7733 
6111 128 
3093 567 
2713 9156 
1309 9124 
8738 9157 
546 6577 
546 2315 
4407 9158 
2962 9158 
2704 9156 
9159 1237 
3425 9124 
1247 837 
8660 1678 
1309 5275 
3052 2670 
6920 5230 
2758 8286 
8660 9097 
4381 4633 
6599 9159 
3295 2315 
9160 9121 
1656 9159 
