4261 2187 
256 1086 
4104 894 
1928 1086 
5972 2187 
11038 665 
4497 7202 
8098 12784 
1995 10632 
1352 12785 
12637 759 
724 10695 
9764 12786 
89 2029 
6358 9070 
1197 2029 
4011 12787 
1224 9070 
1247 2984 
1099 9657 
2963 8460 
1138 12788 
5421 12789 
4297 9439 
2215 12790 
11038 2704 
12791 2214 
11573 11573 
465 26 
8660 9439 
465 12299 
10501 12792 
1951 12793 
8660 11836 
2638 12671 
6987 3095 
6599 10711 
12637 12794 
4755 12795 
4952 12796 
7078 8317 
4271 1247 
6599 2370 
12797 9439 
3034 12475 
5972 1046 
3076 3076 
8819 2214 
5941 8205 
1951 11859 
