4011 13460 
11038 1747 
3247 13456 
9959 13456 
11038 2163 
4593 1608 
11038 13461 
6721 12467 
410 13462 
13463 4221 
1542 1608 
11390 13464 
4952 10456 
13465 13456 
877 13466 
8098 13467 
8819 2370 
420 11845 
2429 13268 
4440 7572 
3095 13311 
850 13463 
13356 13268 
13468 850 
2894 8 
526 13469 
1309 1309 
2704 2049 
42 13463 
2894 8 
7804 11393 
2621 13470 
7898 2049 
1248 759 
3230 759 
1197 759 
13471 13471 
2122 4221 
4027 10828 
3018 4221 
571 4377 
13472 8667 
10963 4104 
2760 13469 
11324 11050 
6174 11393 
1995 13473 
6721 13206 
10558 11393 
9715 1170 
3095 1170 
12316 1959 
13474 11564 
8819 9843 
2963 10401 
1138 1046 
13045 13475 
111 13476 
5518 12194 
13477 375 
7708 12194 
7804 11293 
8660 1046 
1350 4221 
3244 12597 
7804 13287 
11127 12597 
1601 4104 
6193 11293 
