569 1288 
1522 1288 
850 1170 
372 1288 
153 1288 
1215 1288 
784 1050 
503 1288 
945 193 
1476 48 
1617 704 
1617 1652 
1551 1551 
327 1288 
725 1352 
1607 1463 
925 704 
278 1463 
1669 48 
459 960 
995 1288 
459 569 
1099 569 
945 960 
76 1288 
77 960 
1638 569 
586 569 
1670 31 
1670 151 
1670 1 
569 1 
1378 1671 
238 233 
238 960 
1672 609 
1673 31 
1248 1671 
199 960 
199 569 
1248 569 
808 569 
785 960 
505 135 
1430 960 
173 960 
224 1099 
1242 1671 
850 569 
837 233 
850 1671 
850 569 
453 1660 
1674 945 
199 187 
1675 945 
1676 27 
1209 1677 
31 31 
539 539 
656 877 
158 808 
856 77 
856 808 
1199 808 
298 808 
1598 808 
299 1522 
448 808 
26 808 
1352 1652 
1318 808 
238 31 
1223 945 
1617 704 
238 808 
1617 1678 
204 808 
1617 31 
1679 135 
