16676 15854 
13806 4094 
15886 1601 
13837 1786 
14618 14062 
4952 16677 
6126 11836 
850 1115 
10646 16678 
11599 16677 
2963 74 
6140 12059 
5896 74 
759 94 
16333 2535 
16679 7234 
256 2704 
1495 9480 
77 11713 
616 16680 
13806 16681 
3455 10405 
4952 16682 
74 74 
15550 16680 
8940 3086 
3540 16644 
5612 6796 
15346 7688 
27 9233 
1985 16683 
16684 2764 
6334 3086 
4643 9233 
16370 8934 
16685 6796 
16686 14984 
6987 6175 
2053 14071 
850 10871 
16687 11190 
1890 8841 
15836 15836 
727 727 
138 15221 
1400 11190 
14618 16688 
