11359 4902 
1890 1163 
7804 571 
3765 9081 
3765 3765 
3293 10477 
3765 3765 
6193 571 
6126 4076 
5972 10477 
526 11565 
11437 1784 
11566 11553 
995 4497 
1890 2905 
1730 9906 
2974 11567 
8660 11568 
1513 382 
850 11532 
2714 11532 
10659 11569 
453 11556 
724 4633 
4902 11570 
2714 2199 
9430 9430 
2704 11570 
6358 4902 
6751 571 
7447 4902 
44 11532 
1995 9906 
4072 11571 
11462 3093 
5941 5375 
6334 3125 
6645 5375 
3881 2199 
11562 10477 
6316 11572 
2827 11154 
2481 11391 
2351 1029 
11573 4814 
3935 9081 
571 115 
5093 11574 
850 4470 
6367 2299 
11358 7975 
