6126 3736 
3295 894 
785 894 
785 894 
5623 894 
3881 894 
10659 894 
3540 894 
11951 894 
71 11988 
726 894 
6551 894 
6126 894 
8819 11989 
11942 10782 
8948 894 
3881 7119 
10659 11989 
6987 894 
3320 11990 
1437 894 
10659 11989 
1350 894 
4732 11991 
1682 11991 
9510 894 
2729 894 
850 6646 
6126 11985 
10537 11992 
2827 11962 
97 459 
11038 11959 
2704 11959 
4269 894 
11951 11993 
7082 894 
11914 10022 
11688 894 
11559 1408 
194 8095 
84 8819 
1190 1190 
3455 11959 
4692 894 
11994 11959 
412 1190 
346 1728 
1234 894 
11994 894 
11886 11995 
11731 894 
7978 11996 
800 894 
630 894 
1851 10293 
572 10293 
8819 11393 
7078 894 
7407 11869 
10275 894 
6174 11997 
8819 11998 
