368 6978 
7576 16442 
1664 2275 
6370 16442 
16443 16444 
8424 16445 
16405 530 
16446 7407 
4104 10807 
16447 15563 
16448 16442 
1452 1452 
16422 12263 
2061 16449 
1378 16450 
10659 16442 
571 16442 
726 16450 
88 14715 
5153 1030 
14308 10807 
88 8934 
7078 12263 
8067 16442 
86 8201 
15392 16441 
5972 2704 
10659 5356 
2187 16451 
850 15237 
15247 16452 
13423 16452 
5493 16453 
850 15847 
15907 410 
15907 13862 
1762 13862 
4973 4973 
4902 16284 
410 16454 
15907 16244 
16455 16234 
3320 448 
5180 16456 
16455 16456 
1350 410 
98 16457 
