116 1350 
888 3031 
287 1350 
2633 3031 
2717 3031 
2713 1350 
2021 1343 
27 2569 
2714 3031 
2187 3021 
995 3032 
44 44 
616 728 
517 517 
116 3033 
1768 2569 
1890 2569 
84 352 
1951 699 
850 2143 
1236 3034 
1400 1350 
1509 2630 
2098 681 
3008 598 
1951 888 
785 1350 
2202 1142 
2545 3035 
60 3033 
2638 2673 
679 1350 
1343 3036 
2704 2769 
1638 3002 
8 850 
1784 1350 
616 60 
3037 2828 
2811 184 
2548 1350 
3000 850 
2323 184 
44 368 
3000 2556 
445 2828 
182 3038 
60 599 
1343 1144 
2548 2995 
2216 850 
3039 1618 
1760 1606 
571 184 
2763 3040 
539 3040 
1047 1845 
2548 1606 
3041 1760 
352 2673 
2548 3040 
894 2673 
1890 850 
3000 3040 
312 1350 
2704 289 
140 2673 
2548 539 
1522 1350 
2763 1355 
2214 1355 
800 3035 
3042 94 
3034 1173 
194 1173 
1760 204 
1350 3043 
1768 47 
3044 2339 
850 2339 
2638 3045 
2964 1173 
1108 308 
850 3044 
3008 2214 
3003 1618 
2450 1618 
3045 3045 
238 569 
