8 1129 
153 890 
4096 989 
34 4163 
1851 1009 
501 989 
850 2143 
2885 345 
2704 890 
1343 4938 
43 4938 
2704 4939 
850 4647 
1780 1928 
38 4259 
901 4163 
4891 3881 
2411 4229 
4755 278 
224 2785 
4915 4205 
2763 2374 
4940 278 
2704 1032 
2576 1032 
2397 278 
1611 3881 
2022 2374 
386 101 
234 101 
2714 4569 
368 345 
4363 1032 
1099 4938 
2896 616 
3368 890 
4510 3492 
2280 4941 
4942 3881 
4943 4043 
569 4214 
3305 4205 
3415 569 
4902 4505 
453 4794 
1611 4891 
4059 4205 
907 4205 
405 4944 
4754 4945 
4946 1847 
44 4682 
4647 638 
1522 2374 
4617 278 
4891 638 
2267 571 
1522 4617 
3425 638 
2267 4682 
2459 1032 
1805 638 
4939 4939 
3095 4947 
850 638 
2827 4214 
1247 4948 
4075 4947 
4949 3086 
4872 759 
4500 3611 
4950 4841 
4948 629 
3881 2704 
4854 4854 
1738 4951 
77 2704 
3950 2704 
