3742 1247 
2055 1170 
238 569 
3516 679 
256 4141 
3516 679 
3881 3863 
530 3863 
1107 679 
2037 4141 
1890 4105 
3453 679 
2535 679 
1790 27 
302 3863 
3334 98 
1050 2967 
4005 3364 
4142 4143 
256 1288 
2868 4143 
3542 4143 
1638 3276 
1611 2967 
2704 27 
530 140 
2637 1640 
4144 4138 
1790 1288 
2534 1264 
1050 732 
4145 3054 
2234 3054 
3881 2534 
883 4146 
3881 3 
3425 2576 
217 1288 
412 4131 
831 4147 
44 4073 
2448 1288 
44 4054 
2963 34 
3840 3840 
2267 3913 
138 726 
4148 34 
2215 4149 
372 1640 
3823 248 
2763 4150 
1247 4073 
1640 1640 
4005 2704 
3320 4149 
