616 7828 
7833 1691 
7767 7836 
819 7837 
5298 7836 
5972 5395 
7804 2136 
5940 7838 
6358 5395 
43 7834 
5791 5395 
2905 7836 
4769 5395 
308 5395 
278 5395 
5317 5395 
4848 613 
2351 6354 
3364 5395 
2656 5395 
4104 1 
834 5395 
3239 5395 
7320 86 
4397 7683 
1509 2370 
6510 5395 
182 5541 
2811 5395 
4902 7839 
4902 7840 
7841 5395 
7440 1670 
1682 1682 
7842 2594 
724 7843 
3438 2811 
724 7844 
96 7844 
3438 7844 
3872 5395 
3181 4104 
1343 7845 
7804 2905 
4631 7846 
2242 7846 
7407 7846 
2216 7847 
7407 5541 
1738 1138 
4902 7845 
3095 7604 
5180 7848 
2704 7844 
194 7845 
562 7848 
7849 7517 
138 7848 
3872 7773 
4032 7846 
4952 7850 
1350 5395 
1350 4104 
3095 2890 
5402 7851 
1099 7852 
174 7853 
