13313 13963 
4902 13964 
43 193 
4397 5375 
43 4458 
13965 13719 
609 13964 
7485 3247 
13965 13719 
372 3247 
4593 8226 
13966 572 
2599 5375 
13960 3641 
7898 3247 
1805 13967 
1890 778 
111 10988 
13806 13968 
3712 3247 
4847 13960 
4902 4397 
6721 13964 
5623 118 
1343 13969 
8819 4397 
9510 13970 
8819 8247 
1343 13971 
9510 13972 
5418 778 
3367 13069 
3367 13973 
575 7975 
1611 13974 
11038 778 
199 850 
4643 1248 
74 569 
7878 3641 
1197 1248 
1197 5649 
2576 5649 
2351 13929 
2599 13975 
12422 5649 
9657 13975 
1738 2704 
3003 13976 
2704 13975 
11038 13977 
11038 12866 
9819 8226 
2714 5136 
8376 9014 
74 13978 
1309 5136 
4032 5649 
2996 3148 
13979 3285 
6848 6848 
2704 2704 
13980 13981 
13615 13615 
84 9759 
13982 3247 
4407 13961 
2446 5649 
