1352 5797 
1890 4593 
9457 2892 
20 3034 
89 8142 
4902 4593 
7804 4692 
4769 4692 
1853 9173 
2608 9410 
1408 304 
4072 4432 
3765 6177 
1781 6958 
9589 1890 
3095 3271 
8141 4795 
431 5482 
724 1951 
4251 9590 
9591 3283 
8058 4633 
7804 9592 
2017 9382 
2015 1893 
5459 6209 
616 5375 
3367 2856 
3095 104 
726 9342 
7878 9342 
1247 9342 
8489 3230 
1247 6209 
4593 5006 
4593 1163 
532 4312 
9591 7804 
9295 9593 
2481 6987 
1248 6987 
1805 9594 
153 6112 
4982 2029 
9595 9594 
1760 5116 
9589 9596 
5518 6885 
8098 9517 
4902 9517 
4902 4683 
7114 9597 
9598 9243 
3086 47 
