1253 947 
43 1190 
121 1247 
95 1244 
1254 877 
1062 850 
1157 448 
91 989 
539 1247 
4 1247 
724 1219 
895 459 
453 248 
1255 51 
1236 34 
1209 26 
613 1255 
459 77 
110 77 
4 1256 
1257 834 
346 1086 
173 1258 
182 1258 
15 726 
1257 724 
445 1086 
1259 1247 
453 1258 
1050 1260 
121 569 
668 1258 
1234 903 
987 1247 
60 1219 
1261 1260 
1262 1263 
1234 1264 
569 1264 
1238 1183 
1099 1264 
43 1264 
43 1264 
43 1264 
43 919 
1234 919 
687 1243 
48 808 
459 919 
935 1258 
346 1265 
1237 1264 
475 402 
