835 9883 
6126 194 
2481 9882 
2711 9882 
5305 9417 
4902 8667 
2429 5399 
3627 2374 
1030 1291 
724 2535 
5941 8205 
4011 9884 
9885 9884 
9319 9886 
199 821 
1170 1170 
2029 821 
6745 9846 
4769 199 
7782 7782 
74 74 
89 9887 
6987 821 
2557 199 
2704 9888 
293 914 
1499 9319 
9889 919 
5180 9890 
7447 919 
759 9319 
7078 9891 
9892 2843 
1985 9319 
2550 9884 
1452 2671 
4297 7033 
1234 9884 
1760 368 
454 5047 
902 6034 
9893 2856 
9778 9894 
9895 402 
8376 8378 
1234 7829 
6073 9154 
2481 9154 
638 9896 
3540 9479 
5348 199 
8660 8840 
1730 9084 
9764 9113 
3226 8840 
9736 199 
1762 9887 
3847 4674 
