3593 13615 
96 14649 
616 14649 
5972 18872 
16333 850 
11038 14649 
11038 19262 
11038 19329 
2187 19489 
5518 850 
2246 10166 
19490 850 
2187 7780 
19491 19329 
2868 14649 
7804 12555 
15418 19416 
1379 1872 
6193 18272 
2704 12059 
17913 2285 
1270 7780 
19492 408 
182 12059 
3696 903 
16405 13934 
16768 18336 
3320 18797 
4990 18939 
7686 18797 
5279 17033 
5452 19493 
11038 11796 
4011 537 
19494 19396 
11661 11661 
11796 11796 
850 850 
153 537 
11080 727 
13934 13934 
4094 501 
11197 19495 
19475 18796 
98 1465 
14998 10106 
3512 19496 
7804 2892 
