600 495 
43 475 
354 211 
579 304 
605 304 
127 304 
81 418 
278 304 
15 304 
57 304 
77 304 
554 304 
606 128 
586 470 
44 304 
223 304 
507 14 
586 470 
366 77 
237 29 
5 184 
304 184 
304 184 
607 184 
77 184 
304 184 
43 184 
586 1 
44 103 
590 103 
567 57 
202 406 
20 184 
15 118 
20 304 
76 220 
158 184 
454 406 
5 608 
500 608 
590 77 
158 608 
609 408 
500 609 
610 128 
605 184 
204 184 
254 608 
129 26 
586 304 
15 65 
84 65 
110 304 
402 110 
29 128 
562 304 
611 184 
575 77 
562 470 
530 184 
609 612 
110 184 
562 532 
77 211 
77 77 
173 612 
173 585 
34 612 
76 220 
613 532 
15 307 
614 184 
15 532 
3 612 
613 246 
475 211 
613 431 
615 612 
616 75 
15 184 
615 128 
392 612 
617 128 
617 612 
133 532 
1 618 
616 3 
616 3 
15 211 
601 612 
31 11 
173 289 
619 620 
619 606 
621 280 
81 606 
532 304 
27 620 
621 304 
516 140 
43 620 
153 606 
43 11 
622 309 
623 408 
620 620 
332 371 
562 371 
459 352 
453 624 
189 140 
365 371 
333 140 
57 309 
287 304 
168 620 
168 612 
168 608 
15 162 
43 4 
