3320 6923 
6334 4178 
6241 4982 
6987 4178 
37 4982 
5180 1190 
6241 7039 
7030 34 
3984 2856 
2481 1170 
4870 3536 
726 91 
1738 3536 
1050 901 
7030 3497 
5254 6128 
5402 6502 
5254 2374 
3051 3536 
6885 7040 
877 7041 
6470 278 
6937 3170 
7042 6319 
6937 4992 
134 5127 
134 5127 
2963 75 
405 679 
945 7043 
1768 5127 
7044 1 
138 6987 
4397 75 
7045 3982 
439 3536 
6599 75 
7046 7046 
7047 457 
7048 6995 
1378 1776 
7049 457 
5518 1170 
7050 76 
562 7051 
6193 4540 
5279 7051 
4902 7051 
3226 491 
171 2984 
284 4119 
