1851 569 
459 569 
1805 77 
784 27 
1805 77 
1958 442 
1926 1242 
1790 71 
1617 1959 
569 1790 
298 1790 
1704 1708 
1856 1790 
605 1790 
1522 1790 
877 1960 
1050 1960 
1727 13 
1961 1552 
877 1805 
1962 27 
1209 13 
287 1356 
1259 1939 
298 1939 
1611 1805 
153 1356 
1352 1805 
327 204 
188 1708 
875 1963 
724 1805 
459 204 
459 136 
388 1552 
1562 569 
1964 7 
1352 77 
1851 204 
1611 1960 
1959 1036 
1343 77 
312 1963 
1259 569 
1965 1965 
1617 1966 
1259 204 
1617 7 
1030 569 
1964 878 
1967 949 
1727 77 
432 1805 
726 1400 
1371 1400 
123 77 
88 1805 
66 1234 
900 1968 
1552 140 
368 1618 
278 1969 
278 1805 
1365 561 
153 97 
1738 1796 
850 97 
1738 1963 
1760 1618 
1721 1619 
1970 1796 
1352 1841 
1890 1796 
312 124 
410 949 
699 949 
1259 124 
1352 1971 
1522 1400 
194 1963 
