2758 7235 
1890 11359 
14415 11914 
4104 4633 
14553 11454 
3781 5019 
4072 15687 
3781 15545 
4902 15688 
1378 14272 
15550 10350 
4902 15689 
11710 14272 
2619 2856 
15685 304 
12157 13386 
3540 14587 
15690 6672 
9764 1360 
6174 1323 
15691 11735 
15685 15270 
15685 7832 
4902 15689 
182 15689 
6510 768 
15685 11741 
7407 15689 
15691 1634 
15685 5697 
10144 11710 
572 15692 
4407 11735 
15685 8509 
15682 60 
9639 9639 
14631 15198 
14125 14125 
14125 14125 
14125 14125 
14125 14125 
14125 14125 
111 2429 
14125 14125 
14125 14125 
14125 14125 
14125 14125 
14125 14125 
14125 14125 
14125 14125 
15470 14125 
14125 14125 
14125 14125 
14125 14125 
14125 14125 
14125 14125 
14125 14125 
14125 14125 
14125 14125 
14125 14125 
14125 14125 
15470 5493 
9715 14950 
15930 15931 
