1601 76 
204 1828 
204 1828 
3792 3809 
3248 3809 
1760 2201 
204 3787 
1691 76 
15 76 
3540 3810 
722 288 
2275 2142 
877 2543 
1601 76 
3811 3778 
722 778 
3364 3340 
2548 3810 
3239 3810 
120 76 
3608 76 
2704 706 
3022 3099 
3627 2113 
3516 76 
380 1 
686 3725 
3519 3129 
3812 3137 
2764 3638 
3643 997 
3813 2201 
888 76 
609 76 
571 2201 
1259 2664 
1611 3622 
445 706 
76 2664 
3814 997 
445 881 
575 706 
2548 3541 
3815 298 
3627 997 
1598 2236 
459 2236 
3394 224 
368 3816 
2113 2236 
1910 759 
2143 76 
1641 1099 
43 3682 
3682 3682 
3239 2775 
3710 304 
1738 1173 
997 3817 
2897 76 
1522 1632 
1910 283 
