10842 2187 
1995 10859 
10842 76 
616 9224 
312 9224 
3003 76 
850 10860 
357 5481 
6987 7202 
5972 10861 
4847 10861 
4128 10861 
2216 10862 
1378 7898 
571 76 
3540 7898 
7804 7898 
2856 7355 
1509 10863 
43 2136 
7843 240 
759 10751 
199 1803 
2704 10776 
10864 76 
138 1803 
4902 10865 
3117 10424 
1738 7898 
546 10424 
4027 10751 
572 10751 
4952 10112 
10866 382 
10867 2469 
10868 76 
1509 10106 
8660 3928 
2535 10869 
10842 4458 
453 3928 
4755 1762 
5087 1762 
10189 10870 
9238 4458 
3117 34 
8904 10871 
10853 2619 
4902 10695 
562 10695 
850 10872 
10873 1803 
9992 10865 
8058 2619 
7708 10739 
2481 10874 
10289 10875 
546 7083 
3553 10876 
8660 1738 
4631 10874 
7804 10875 
9619 2619 
