111 5836 
5205 19828 
835 16767 
18399 16767 
20133 20134 
18399 16767 
12985 19813 
19420 19813 
19372 19813 
11254 16767 
5958 16767 
16767 3945 
20135 19300 
4902 2801 
20136 16767 
4902 2704 
14695 14695 
9764 20137 
13934 13009 
5882 20082 
19781 9085 
10659 19420 
138 2725 
5504 20138 
3696 16767 
18732 20130 
111 4251 
12194 16767 
20139 16767 
12194 16767 
18399 16767 
15557 19977 
17942 20140 
12810 16767 
10537 20141 
11845 16767 
1371 9085 
12036 17470 
20142 2765 
3696 17470 
14279 20143 
13973 10426 
17631 17470 
