7708 9842 
4269 569 
7078 1468 
9848 9849 
1912 1912 
2588 3205 
7078 3695 
6737 6737 
1142 7144 
4381 9714 
8938 7784 
2963 8927 
616 1468 
9816 1291 
6193 7144 
34 8927 
3095 3695 
5127 282 
901 1468 
5180 9846 
724 9842 
171 448 
5298 9347 
1247 7784 
9068 8445 
2388 278 
4407 3695 
3239 7784 
4769 9850 
5185 8445 
1329 77 
5087 7123 
1050 8655 
7708 8655 
9479 1959 
8660 7559 
3095 7559 
9764 7123 
9764 77 
6316 7559 
1468 1170 
3553 4358 
5298 9850 
724 2704 
5623 9850 
153 7024 
546 6443 
4769 7024 
6751 7024 
2481 7559 
9851 7559 
4010 7559 
7708 8655 
2608 8655 
6193 2526 
6987 7559 
8831 7559 
153 9577 
7485 7559 
