8 4951 
5298 9070 
8660 9070 
6645 9091 
8660 8840 
8 4951 
2714 8892 
3842 9092 
1890 726 
8598 8286 
1099 410 
3258 8286 
2958 8286 
1890 9093 
1951 6034 
5623 7391 
8948 1940 
7103 9053 
8956 1350 
8788 9094 
6510 8738 
877 410 
3840 6056 
6510 1406 
8505 9095 
9096 5127 
4631 9097 
4011 9098 
1099 1099 
153 8788 
8439 8449 
9096 3247 
9099 184 
1030 9100 
1099 8506 
901 2704 
811 9097 
6510 9101 
9102 1190 
4593 9103 
6334 9103 
6022 991 
616 8753 
1343 9104 
382 9105 
7802 1656 
7020 1656 
9070 9105 
3781 9036 
892 9095 
382 2704 
5180 9104 
9106 9105 
2215 9107 
1761 8407 
8948 9108 
