8140 13086 
1350 9479 
8948 13204 
8660 13204 
1352 13205 
10659 13204 
3540 13206 
6241 10166 
13207 1099 
12316 488 
12492 13208 
4952 9745 
6126 13209 
1177 6672 
3781 9154 
1805 4497 
1963 13209 
4972 6987 
1582 1099 
526 13210 
3095 10002 
7078 312 
3093 10277 
11469 12299 
12194 13211 
11038 5375 
1995 11817 
6425 13186 
237 31 
6721 6175 
12194 12299 
465 13196 
12387 1589 
5603 8821 
6721 13212 
2255 4593 
2255 4593 
1138 7394 
9819 12720 
300 3587 
2704 3587 
5518 3222 
8660 1930 
111 12022 
3797 1029 
300 6175 
1890 3954 
6358 13213 
2674 12602 
6358 2541 
1352 13094 
12416 11999 
11038 12999 
