4866 9081 
2481 8120 
850 8120 
10506 4633 
1431 4633 
5972 10507 
2481 3706 
7804 3706 
153 3706 
74 2758 
4497 10505 
6193 10508 
10509 548 
10510 10507 
1190 10511 
43 10511 
3986 9477 
567 1173 
1309 3706 
5972 10511 
3367 10512 
2351 3577 
6193 914 
111 10485 
97 9120 
4972 9120 
111 2730 
4269 1762 
3881 9602 
10500 4795 
4692 10513 
8735 9602 
1760 10514 
1099 1099 
572 9782 
1247 1582 
9602 9602 
7028 1957 
5087 118 
7804 169 
7509 9602 
10450 9602 
1890 10424 
4593 10508 
8660 7751 
1521 6712 
10515 7180 
10516 9602 
10500 408 
111 169 
111 7773 
2704 10517 
8376 10500 
