2481 1761 
1890 4902 
2481 8750 
1835 6064 
5087 6034 
7078 4902 
5719 1761 
256 199 
3540 8750 
6334 8750 
6193 4593 
2763 9070 
2481 8750 
8750 3082 
5635 9296 
1682 6303 
4363 9297 
7078 9296 
4497 6778 
6034 5635 
2481 9298 
9299 6187 
901 5635 
9276 9070 
4902 8051 
6987 5635 
4902 95 
3928 95 
7078 5635 
2122 4072 
4470 1761 
4470 5635 
6510 9290 
9258 9258 
9300 5635 
1234 199 
1355 5635 
2164 9301 
9302 199 
613 9303 
9297 9297 
6577 9304 
6161 5635 
7407 9297 
442 9297 
8787 1761 
546 9123 
