1259 1939 
1761 1942 
1902 1050 
1880 1583 
1867 1190 
1805 1050 
995 960 
877 202 
1336 77 
1943 26 
724 1944 
331 1050 
1108 1944 
1583 1796 
564 1945 
726 1945 
1946 31 
1947 784 
613 77 
821 1594 
1157 1336 
47 298 
1378 1948 
34 1796 
596 217 
1531 77 
217 217 
945 1355 
299 1583 
726 1949 
204 569 
81 442 
1813 77 
870 656 
116 1583 
1343 1583 
925 1792 
1542 569 
1197 1949 
1542 1792 
1769 1336 
1936 1949 
856 1796 
1248 1948 
768 1950 
1910 121 
504 1949 
1951 724 
1352 656 
900 1944 
564 158 
1952 656 
273 77 
124 77 
1050 110 
77 1953 
1050 1954 
1617 704 
1955 1652 
1789 1893 
74 121 
1400 1652 
517 1953 
99 89 
1632 1956 
97 1911 
97 77 
1957 442 
1867 1552 
1727 569 
872 569 
