4072 408 
3560 3358 
562 2633 
1768 2633 
4433 4543 
43 408 
372 3247 
3333 2714 
1030 1835 
2725 2714 
945 2351 
2215 3247 
945 2351 
815 4196 
4549 1009 
238 3725 
3095 408 
15 2633 
4364 3247 
4550 408 
4534 4534 
1589 4551 
759 4551 
2535 4552 
3540 4553 
4281 4554 
1589 3920 
194 4543 
459 4555 
4059 4555 
459 4543 
4521 408 
138 569 
4059 2554 
153 3957 
1236 3755 
459 1901 
1611 1901 
2411 3755 
2963 3920 
442 1901 
44 4556 
491 2554 
1234 4556 
458 3725 
2061 1 
1611 1 
34 3189 
2344 2344 
569 569 
2021 4557 
835 4558 
1025 1901 
3320 699 
1780 3660 
4397 699 
1400 1901 
2868 1 
3425 1 
1509 2562 
89 1 
2856 138 
968 4555 
2481 1 
3516 4415 
2392 4281 
995 2782 
4199 4415 
2215 27 
43 4415 
3627 1749 
3840 4510 
2856 1190 
2248 1355 
2633 4559 
4381 278 
15 3825 
2543 446 
2856 446 
2856 4560 
