2569 5197 
2481 5852 
5853 627 
5481 4958 
2397 4902 
4137 1749 
1614 1797 
5854 2425 
2811 278 
1995 872 
1704 5733 
256 4958 
4975 5732 
564 5855 
3124 3124 
3086 442 
5856 4385 
3201 5857 
879 3093 
5506 3610 
3201 1494 
1611 431 
850 1170 
1142 431 
29 3553 
3540 1170 
5365 3949 
2049 3949 
726 3553 
44 5858 
136 1494 
1664 656 
2216 1752 
1234 4795 
3453 4065 
1138 720 
4397 3093 
5859 5860 
2215 5861 
3928 5861 
4011 5862 
5863 1986 
1108 5861 
5452 5861 
5518 2725 
2158 3068 
5518 4837 
138 2725 
2297 65 
4682 2856 
1170 1170 
2168 4065 
3453 65 
4025 3610 
2481 2725 
2029 759 
5192 2526 
3935 917 
473 2725 
1170 1170 
459 917 
