473 4141 
4341 4313 
1108 1951 
1141 4342 
184 4343 
3383 1234 
2021 4344 
81 4344 
2638 4343 
555 453 
1259 1234 
1108 2187 
2351 1939 
153 2187 
3064 616 
575 84 
4345 1400 
2997 4344 
3680 3239 
3383 1400 
4346 84 
346 2114 
1803 1803 
4347 2682 
2963 34 
3331 408 
4318 3128 
4005 4348 
278 2576 
4349 3095 
3643 4343 
3540 2576 
4217 4350 
1607 2187 
445 4351 
1197 4352 
2021 1134 
1234 31 
1550 3535 
284 284 
4072 3535 
1259 4048 
894 458 
2599 4186 
2875 1247 
20 1541 
2215 193 
1247 4048 
98 1247 
925 2088 
1378 656 
3041 856 
2963 1589 
238 656 
238 656 
238 656 
133 3095 
238 656 
3881 656 
2963 1247 
4353 31 
238 656 
1704 656 
4185 2935 
4354 4352 
4355 1351 
726 1351 
2957 2143 
4356 572 
3540 2935 
