2681 7732 
154 7732 
526 7733 
575 6750 
2758 34 
7733 6457 
539 389 
2664 389 
2758 2029 
2758 2136 
7674 5988 
6174 613 
2486 5988 
6577 7734 
5180 6086 
7735 448 
2481 7734 
3453 1828 
4631 262 
7730 7730 
2242 1138 
2811 262 
3440 1767 
2904 7678 
34 1138 
3095 613 
256 2704 
5717 7736 
1805 7736 
171 448 
5452 1138 
6126 7020 
3411 5636 
7503 1465 
1521 4481 
2446 609 
4902 3138 
7737 7738 
526 5791 
7348 4902 
171 6735 
2760 4902 
2704 609 
7407 609 
7739 6081 
368 7740 
7686 6034 
7741 6884 
1985 1163 
