850 16539 
6126 18122 
18123 17101 
2370 2370 
188 77 
18124 17101 
572 18125 
15392 12816 
10921 17048 
5724 7573 
1177 6672 
4902 18126 
18127 17982 
2623 7688 
37 9277 
850 13025 
18128 13317 
217 18129 
5180 18129 
1050 4579 
43 507 
2164 4104 
202 6246 
1052 18130 
3086 17262 
77 77 
3086 18125 
4269 1052 
7804 18125 
1611 11016 
1995 507 
3540 18129 
1738 15342 
16768 15342 
15598 8178 
5518 13025 
14098 6085 
16956 17101 
13695 1052 
16179 5493 
1465 1465 
1939 18131 
3320 1730 
8911 8911 
34 1052 
9819 4104 
