1486 644 
1121 609 
1483 1483 
1099 1099 
726 1170 
43 1285 
194 609 
1487 1420 
43 1420 
1487 1059 
1309 919 
726 47 
850 919 
43 960 
1352 1059 
62 193 
1291 128 
726 1488 
1190 1420 
1243 1488 
834 194 
616 128 
1121 128 
1452 74 
1489 90 
1490 366 
1491 128 
134 62 
1492 1493 
1209 1494 
850 74 
1209 1490 
1495 135 
1259 62 
43 834 
957 90 
1259 459 
80 1496 
412 1190 
15 1190 
15 91 
196 62 
31 811 
408 408 
124 811 
167 811 
77 1170 
569 1170 
48 1180 
1170 1170 
850 1170 
1170 1170 
526 1497 
569 656 
368 656 
605 656 
95 656 
1378 656 
1378 811 
121 1170 
1365 448 
726 1351 
60 811 
