77 7169 
4643 7170 
182 7169 
7122 7168 
5972 2749 
111 1560 
6944 7070 
6944 4446 
1910 3149 
656 3316 
4261 7160 
5180 2535 
5202 2984 
4049 4049 
3095 2554 
5253 5595 
1418 1805 
3230 1805 
1611 134 
2187 1805 
2446 1805 
74 7171 
74 5595 
2481 7172 
1234 6718 
5717 5958 
7173 3387 
7173 110 
1379 6035 
47 6457 
5129 1805 
7174 4049 
7175 6793 
1053 134 
850 5595 
284 4049 
153 4049 
724 2704 
5950 3243 
346 2704 
7164 7176 
850 1805 
7177 1190 
3320 7178 
346 7178 
4137 1092 
2996 727 
3369 1582 
3295 6793 
1030 7178 
4407 4200 
3712 2887 
