5972 5477 
3425 5005 
4297 6717 
4011 5005 
2893 84 
2287 6718 
6474 2576 
77 5477 
278 5477 
2714 2175 
2481 1170 
905 759 
6719 4902 
3364 5477 
44 1643 
772 4902 
609 446 
1890 834 
5180 6502 
3984 2811 
3364 1836 
5180 6720 
42 1582 
1927 3529 
2594 2594 
34 5005 
34 3529 
4769 5005 
5064 2811 
14 1247 
1115 2811 
6474 3080 
2397 2811 
6316 2811 
5972 6284 
4953 34 
44 34 
4517 3276 
6721 6690 
1867 698 
5279 3117 
5279 5956 
281 4163 
6722 722 
257 4985 
724 4985 
3276 6723 
1247 6292 
2892 6718 
572 5731 
1611 6724 
453 6725 
6669 897 
4643 2629 
2090 1959 
3529 3529 
