1851 31 
2219 2256 
768 2429 
453 2451 
945 2429 
537 2319 
1951 2451 
368 1173 
726 2097 
459 74 
1738 31 
757 1173 
1935 1963 
1704 2136 
77 2175 
5 382 
1209 1 
2092 1727 
1951 2175 
2097 2097 
2037 2278 
2092 1355 
1951 1725 
2215 1939 
2136 1939 
1197 687 
2090 382 
2280 2136 
1851 1634 
768 1939 
1784 312 
278 2319 
1134 2452 
2448 2453 
459 1818 
204 2405 
43 1634 
459 2405 
724 312 
2411 1323 
183 2441 
312 1349 
888 1349 
1768 2405 
2280 2305 
459 2305 
564 2426 
1768 1727 
2280 2454 
2021 2454 
2455 2355 
1939 1634 
284 74 
2456 802 
1995 2368 
2429 1857 
1995 1939 
2256 2457 
2458 802 
1041 1727 
47 2368 
1108 284 
2021 284 
800 284 
2411 284 
2459 284 
2460 1835 
1947 2461 
2187 408 
2429 408 
1959 408 
2187 445 
372 445 
870 408 
2462 408 
1262 408 
2187 408 
2092 1890 
1890 1753 
96 2463 
2373 408 
3 768 
