2643 4065 
194 4902 
5490 5491 
3230 4902 
5492 5493 
4902 4902 
5494 5330 
5491 5491 
1350 5289 
4902 3095 
1611 5495 
1197 4470 
1951 4902 
2896 5451 
4795 2811 
4246 2811 
3086 2811 
459 5249 
188 3095 
1995 2370 
1030 2370 
197 2811 
3540 5495 
5324 5249 
530 2811 
2090 5496 
5497 2856 
5498 5498 
5482 1021 
5482 1021 
699 1021 
5482 1021 
5482 1021 
2890 1021 
5452 1021 
1611 3308 
5499 5435 
1963 3095 
1611 5499 
1108 5499 
3881 4902 
3881 5499 
4265 5418 
1890 5418 
5437 5108 
562 1749 
3770 1890 
5500 115 
4246 935 
613 1749 
5435 1577 
