2351 824 
8 3276 
8 2844 
2411 2844 
2704 2844 
2615 2844 
57 2844 
182 2615 
2045 2844 
1790 2844 
31 31 
2976 153 
1541 3372 
1851 2154 
3374 2844 
1818 278 
2327 347 
2373 1790 
3375 2844 
3117 31 
346 3376 
726 3376 
894 3376 
3377 1124 
997 3378 
3285 726 
3305 9 
2982 3148 
1005 281 
294 3108 
3252 3379 
3159 3379 
1365 3379 
1696 1173 
1030 1173 
3159 3316 
368 1173 
75 75 
2963 571 
2548 2844 
1611 1356 
1611 119 
2392 2844 
2982 3369 
3380 2216 
2811 2214 
1259 539 
3360 1115 
3381 724 
679 2576 
3159 3312 
2638 1818 
194 1541 
1343 1541 
905 2299 
1006 877 
1006 304 
77 1940 
1611 2576 
2481 1356 
945 1940 
3333 304 
2154 3312 
1960 304 
3382 1134 
2612 1940 
3340 878 
2154 304 
1817 3369 
2283 304 
571 2844 
571 3372 
571 304 
1851 1797 
630 933 
245 1797 
3315 3315 
1738 630 
2704 1453 
3383 2154 
995 2154 
2963 1497 
1589 304 
3384 304 
3340 2678 
3292 304 
3364 2154 
3385 1453 
2283 2844 
3331 1761 
141 3385 
475 304 
2976 3385 
2488 304 
2287 3386 
571 1408 
571 304 
120 834 
3331 3385 
3331 2935 
2811 3385 
3247 3385 
2704 3352 
3320 1940 
1738 3352 
57 1940 
2411 459 
2021 368 
1173 834 
3334 571 
