4643 2136 
5452 656 
1384 2355 
1030 44 
431 656 
284 2893 
134 44 
1601 1779 
5249 5249 
5796 5815 
4497 3189 
2481 5816 
3553 2958 
1611 3725 
997 5817 
600 4043 
3285 3124 
770 2958 
4011 3124 
5005 3124 
2088 2281 
4163 4043 
5818 3002 
1589 3124 
4297 3124 
4769 5803 
29 960 
4297 5803 
1611 5803 
3540 537 
2640 3725 
4643 3124 
1611 5819 
2548 5412 
202 4962 
1768 759 
5180 309 
5703 5703 
1400 960 
44 1247 
114 5748 
4297 5731 
5612 5783 
2827 2281 
2429 5806 
850 5820 
3847 5806 
3320 5424 
5491 2893 
3825 5731 
4454 3124 
5731 5731 
5821 2704 
5822 1525 
2535 1494 
442 5819 
1309 4043 
4 5823 
