12387 6241 
734 10886 
4952 2996 
724 12384 
12388 4269 
12389 135 
12390 1197 
6964 7394 
86 1271 
11038 60 
4751 2996 
109 60 
11038 12008 
138 1197 
11899 1197 
12391 256 
555 12392 
1853 60 
1531 12393 
12394 5375 
6126 4888 
3540 3368 
188 60 
4007 1197 
9819 2594 
12383 12383 
4333 1271 
759 8667 
12395 58 
2892 12396 
759 759 
109 60 
1509 3572 
8469 4048 
12382 12383 
12032 4104 
4593 2594 
9438 3002 
8098 4841 
12032 12397 
4952 8249 
3627 9051 
12398 420 
12399 2844 
10659 8249 
6358 4841 
10659 12400 
3188 653 
3295 5883 
850 4620 
1632 8249 
11038 12401 
11038 9479 
