188 14 
690 110 
952 949 
15 943 
953 278 
954 949 
955 949 
507 34 
15 724 
204 448 
135 135 
135 135 
135 135 
204 135 
204 135 
204 135 
57 135 
57 135 
173 135 
956 135 
726 135 
475 135 
726 135 
946 949 
450 135 
15 135 
450 135 
450 135 
726 135 
726 135 
450 135 
300 135 
450 135 
450 135 
385 135 
77 135 
136 135 
450 135 
162 448 
872 135 
450 135 
957 135 
431 135 
270 135 
270 135 
502 135 
468 135 
270 135 
270 135 
188 349 
97 135 
958 949 
925 802 
724 135 
1 274 
204 135 
204 135 
526 135 
726 135 
15 850 
184 949 
39 274 
698 724 
97 135 
698 755 
110 475 
945 448 
743 850 
245 26 
167 135 
475 475 
34 850 
958 27 
757 166 
287 135 
15 959 
960 135 
819 959 
412 927 
961 569 
962 135 
726 135 
74 850 
567 282 
15 166 
569 135 
963 716 
158 104 
381 104 
20 34 
381 960 
569 135 
569 135 
104 104 
436 151 
130 959 
238 959 
140 231 
964 716 
123 43 
238 104 
964 26 
964 168 
964 184 
31 168 
31 168 
933 184 
828 166 
822 162 
708 168 
95 965 
43 959 
86 959 
