4342 1762 
4631 9370 
6248 3881 
3320 9393 
4593 4540 
9406 9407 
8141 1582 
6334 7974 
9408 4363 
6248 9125 
4497 7974 
7576 837 
5254 4962 
4719 9400 
224 224 
7804 7974 
315 1762 
1781 2909 
7078 2946 
1851 9370 
9376 8839 
256 9409 
2714 9185 
8058 7740 
9165 7567 
7804 1190 
9410 8142 
6510 1355 
1784 1190 
2510 9411 
2512 1670 
1371 1355 
1762 8142 
9376 366 
9412 2704 
1851 7868 
850 4545 
284 3950 
850 8667 
6334 1190 
199 9413 
4407 546 
8014 8816 
6619 3825 
2763 6796 
5298 2753 
6174 546 
6334 546 
9165 76 
8739 5723 
8014 8816 
194 5723 
