5518 4687 
2728 2728 
8821 7559 
10659 15446 
13974 656 
15433 11619 
2351 15447 
10659 656 
10881 901 
13133 656 
6334 13302 
575 433 
4274 734 
2548 7559 
2548 7559 
293 15397 
1890 10920 
4274 15157 
2871 15448 
11881 7559 
1890 13302 
1256 3086 
5185 15351 
1468 7559 
9510 14212 
4297 15449 
15156 15383 
5493 8738 
1308 4377 
1786 13973 
2534 2534 
6174 15450 
1797 15451 
7978 15449 
4692 1786 
15452 15360 
3034 14147 
15452 6333 
15452 15453 
6241 968 
15452 12765 
10659 14383 
2758 1878 
656 656 
15452 14841 
15452 2136 
