2704 16702 
1343 16696 
14955 6672 
2397 16672 
6370 16703 
16704 13973 
1378 16705 
2714 16705 
16284 16706 
12422 15730 
2481 16707 
2963 2780 
4104 16350 
850 6672 
850 16707 
43 8934 
1057 2811 
1057 2811 
4972 4342 
16333 16359 
11016 16696 
16708 16159 
2599 7688 
8276 12263 
7975 15279 
16709 13973 
6370 15155 
4381 1356 
11038 629 
16710 6524 
11038 12263 
6334 1356 
6370 6370 
2713 13674 
9715 16711 
2083 13921 
785 4859 
16712 16050 
16675 16713 
4611 2725 
7078 7975 
6721 16714 
16711 16714 
4271 2963 
15481 14182 
1985 16715 
16716 312 
