5927 4633 
193 4477 
5087 6533 
2481 8780 
8775 1507 
2714 6034 
189 2923 
3881 6533 
5459 6577 
4010 8786 
819 4633 
8787 8780 
6241 6577 
517 3 
34 6669 
2037 4633 
7804 2281 
3226 304 
8200 4633 
6751 8782 
7804 7935 
8788 8788 
3864 8786 
2621 8741 
4902 8738 
2704 8738 
821 821 
850 6672 
4692 8788 
4972 8789 
3872 8703 
8786 883 
526 5278 
405 1956 
638 1134 
502 1134 
8634 1956 
4297 8703 
3540 5797 
575 1134 
4297 8786 
2714 1956 
6316 8782 
8647 1951 
4397 901 
1452 1452 
2629 7768 
8169 1956 
7407 5278 
8790 347 
4902 8791 
199 1669 
3320 1247 
