2061 4645 
15550 10853 
7186 15595 
96 15596 
4769 15596 
6599 3209 
8904 15597 
526 10853 
8819 15598 
575 3371 
9877 9877 
1108 10132 
9510 13261 
15598 9479 
15598 9479 
837 15599 
15598 1978 
1633 15600 
7186 2681 
5723 14676 
14465 13543 
4769 15601 
10144 11710 
4902 14860 
14813 1418 
877 15598 
6987 3607 
6987 3607 
6987 3607 
6987 3607 
6987 3607 
2534 4902 
4079 14889 
526 15550 
11303 3607 
15481 15581 
12385 2704 
835 1978 
4692 15019 
5697 3607 
9989 13363 
15598 4633 
5697 3607 
15598 1805 
12381 15209 
2447 15380 
15550 15531 
9510 3607 
10855 4902 
9989 11061 
5927 15602 
6987 3607 
6987 3607 
