5578 1749 
4246 20 
7540 1408 
2215 3006 
3394 1828 
2717 7447 
5518 2576 
835 1190 
1995 6152 
1343 6322 
7565 808 
616 7030 
47 1992 
158 7030 
1513 3793 
1513 3793 
3226 7566 
199 3793 
43 6152 
6193 7030 
1248 3793 
1248 3793 
850 3793 
1248 3793 
2239 128 
3870 7398 
2215 759 
2275 4944 
7503 6443 
6359 4795 
3425 3793 
5087 7567 
1099 7567 
5192 759 
5894 3793 
2446 3793 
7568 7568 
2242 128 
2446 3793 
2645 5513 
4902 7569 
5087 6322 
20 312 
2704 1050 
4643 7020 
6359 7561 
613 7558 
3226 278 
1866 448 
3320 726 
2785 278 
