2763 2559 
182 110 
2704 1460 
2957 1460 
2411 2997 
2853 2611 
1050 1759 
850 1460 
2087 3058 
504 1045 
1309 1045 
65 73 
1350 1045 
2633 1257 
1995 1431 
1350 2997 
3061 2910 
1910 488 
903 3062 
368 2234 
526 504 
1611 2997 
517 2997 
837 73 
785 3063 
1236 3063 
3064 2559 
1343 504 
1241 504 
1350 3063 
214 352 
2392 3063 
2029 2029 
2811 945 
850 3065 
1541 2811 
3066 2811 
3067 3063 
504 3046 
2704 2811 
8 2811 
2671 2811 
1541 3063 
2548 2234 
442 2811 
1638 3063 
2983 442 
57 504 
2598 2811 
2548 2964 
2811 2811 
189 2811 
2638 1940 
1237 3063 
2638 2727 
1532 2727 
1768 3068 
34 2234 
616 2727 
2215 3063 
1541 2727 
2548 2727 
2957 1045 
1295 2811 
2032 3069 
2066 3069 
1173 1790 
2630 73 
2763 3069 
2032 2559 
1309 2811 
679 3065 
2763 2450 
2215 135 
850 1940 
2963 2234 
3070 2234 
3052 1960 
256 3071 
2021 1589 
1951 2214 
1343 2811 
