3075 3145 
77 3161 
1890 653 
1350 3162 
3075 3011 
2392 2374 
153 3162 
2871 3144 
1300 2468 
77 368 
3163 304 
3163 877 
57 3011 
77 877 
613 3144 
564 2853 
2411 2853 
945 2986 
3164 3156 
196 196 
2481 3012 
2481 256 
3165 3144 
2021 3109 
3166 3093 
1336 2964 
2679 2853 
2548 3093 
2548 3093 
3093 3093 
1309 368 
1309 408 
2548 3167 
3168 3093 
2267 1170 
2957 3145 
3117 808 
3169 278 
43 27 
1817 1761 
1738 3145 
3000 27 
1309 3132 
2704 2704 
2760 3145 
43 1817 
3000 3089 
1738 3145 
3160 1761 
2588 1084 
850 3132 
2446 3132 
3170 80 
3171 3171 
1738 2479 
204 2495 
2957 77 
2411 408 
3172 3132 
439 2495 
1350 2479 
569 2479 
3173 3144 
