2411 1216 
2785 2574 
1738 2678 
1434 2678 
2393 2748 
2305 278 
2229 782 
2429 2678 
2807 2157 
1890 86 
2725 2612 
2808 1323 
728 1216 
1760 86 
1259 1939 
2632 850 
2479 2479 
1978 1216 
173 91 
2809 1939 
2810 151 
2433 2157 
2411 91 
572 1939 
2785 34 
1434 2479 
564 2676 
613 1323 
2421 2806 
60 2806 
1350 2157 
2548 2704 
1541 151 
2450 151 
2548 91 
95 2678 
76 2214 
42 2806 
202 2214 
850 1216 
43 1431 
2485 151 
768 1939 
1860 91 
2811 2811 
1664 347 
2714 2362 
2216 2678 
2021 2812 
1738 2704 
2763 2812 
281 726 
173 2678 
2813 2814 
2714 2812 
2763 1542 
2815 2612 
1371 1917 
2608 2812 
2029 2812 
2633 2725 
2816 2612 
2608 2725 
1489 537 
850 2725 
1442 1749 
687 2697 
2629 1749 
2021 1749 
278 2612 
2817 2812 
2599 987 
95 2612 
285 2562 
2421 609 
2763 2818 
2089 2819 
431 2820 
1738 2820 
821 2821 
726 2673 
145 2643 
