12116 12117 
10194 1632 
968 10782 
4032 12114 
111 12112 
12118 12105 
1890 9364 
6241 9842 
12112 12112 
6241 12119 
10275 10580 
1838 12105 
8948 12120 
2077 968 
4952 11532 
3781 12121 
9510 11989 
12122 12114 
4007 77 
7028 974 
256 12123 
3438 12124 
6987 12125 
3870 12121 
6757 6757 
2905 616 
9819 3034 
7804 12126 
12127 6501 
5649 12114 
12128 1352 
12129 12128 
3293 3054 
4952 11663 
1522 2190 
12130 9119 
9819 7837 
2785 12119 
9819 8588 
10482 1352 
3781 12131 
3247 12132 
12032 12133 
3781 3789 
