2319 7139 
4593 7140 
7141 7142 
6193 4049 
418 1099 
43 1099 
43 7143 
1343 7143 
6193 7144 
7145 6616 
47 7135 
2535 3095 
1963 1928 
995 5127 
726 7146 
1835 7146 
1805 3095 
5254 7144 
1197 7147 
3291 7127 
4072 3082 
2481 7147 
6459 6965 
567 7143 
352 7068 
5180 7144 
580 2374 
74 6805 
2963 914 
44 2374 
7148 4902 
1050 7149 
6510 4003 
3394 7135 
3394 6935 
850 2181 
4643 6204 
5086 488 
6073 2181 
2351 7150 
1995 7151 
1963 914 
1047 3765 
278 6204 
153 488 
410 488 
138 7152 
2675 914 
5180 771 
526 7153 
6510 771 
2963 4163 
2599 488 
