3034 4072 
4032 4615 
1343 4072 
368 837 
4198 4467 
2077 2077 
1005 4617 
919 4072 
1197 4617 
2267 569 
2785 3613 
77 4072 
3093 4617 
3578 4072 
1560 1560 
2392 4072 
1611 4072 
586 4072 
3359 4072 
564 4072 
564 4072 
3086 2704 
3643 4369 
1236 1790 
57 4072 
4612 446 
1032 4615 
599 4072 
2785 3682 
1099 4072 
656 656 
3095 1992 
656 4072 
2187 3802 
153 4072 
759 4072 
3823 2704 
4553 4553 
759 4072 
586 4072 
1310 4072 
2588 135 
1902 4072 
2640 1403 
4618 4072 
42 2704 
4619 3002 
2640 4427 
1025 4072 
638 4072 
5 4072 
4620 3095 
1247 569 
459 1725 
44 1046 
2785 458 
3770 4621 
1611 4072 
47 4621 
4141 4072 
3840 4072 
410 4467 
204 3910 
134 2374 
4007 4622 
2714 4623 
2714 4624 
850 4623 
44 4625 
2640 2281 
3320 2380 
1108 3485 
