299 77 
995 1045 
27 1355 
43 1355 
174 1355 
945 1355 
1360 612 
1209 1025 
256 1209 
1361 1234 
27 539 
299 77 
26 1209 
995 1025 
933 612 
34 1355 
726 1355 
1360 656 
517 1354 
43 895 
1352 656 
287 895 
1352 656 
616 895 
182 402 
1362 505 
616 834 
1248 505 
995 960 
900 960 
1030 834 
186 402 
1363 1170 
182 1170 
1364 895 
110 1170 
77 960 
726 1099 
770 834 
193 97 
386 798 
1365 1099 
386 1280 
834 97 
77 1366 
81 1099 
77 1367 
609 1366 
1246 798 
20 834 
459 1367 
1368 187 
43 1366 
43 1366 
686 1366 
1248 1368 
699 1366 
1369 1173 
692 834 
609 1173 
1326 1370 
1371 1280 
1318 1372 
