1648 2599 
43 5493 
4407 8482 
5367 7957 
193 2110 
8660 6541 
5927 1049 
1556 8680 
7788 8680 
6193 8680 
562 8681 
2963 7561 
8660 7751 
1142 2681 
905 7957 
5459 7561 
8660 8682 
4692 8683 
2481 3283 
3411 8682 
2481 6326 
6432 1049 
1050 8682 
43 8682 
6432 5215 
5215 5215 
4274 158 
6964 4889 
2122 8079 
1270 6012 
1343 8079 
1270 7394 
1601 2681 
3411 8682 
5180 5471 
5180 8682 
6510 5471 
8430 8684 
8685 641 
4072 5969 
8650 8686 
4072 1119 
453 8682 
4874 3765 
7062 7868 
4643 8687 
835 2678 
575 7008 
