1293 8861 
3007 8739 
1803 8854 
7686 8862 
5098 8818 
1390 4545 
5452 7804 
153 7804 
8660 7804 
162 672 
834 4421 
6987 8854 
8676 724 
8863 8864 
5471 8529 
850 877 
3411 4730 
8676 8750 
6751 681 
5253 4545 
43 8860 
6551 6852 
8334 8825 
2704 724 
850 8865 
2416 7434 
8866 8866 
8867 8867 
8868 8788 
6510 8007 
8818 1129 
71 6669 
2714 8788 
8860 8869 
7408 6800 
44 2136 
8818 1797 
4633 1678 
1985 4593 
1197 8865 
2704 8869 
7683 6389 
3575 6389 
6987 8178 
1503 1678 
6241 4425 
8317 7975 
8870 459 
74 4505 
4751 8871 
