287 91 
1378 1533 
726 850 
987 872 
1377 1247 
850 459 
124 312 
43 43 
1355 903 
504 1538 
1270 1460 
856 1355 
856 1538 
134 656 
193 174 
900 1539 
109 1370 
1509 174 
1496 901 
503 1539 
778 1294 
726 818 
1509 1355 
1438 903 
1062 725 
346 1540 
294 1351 
1541 949 
1177 725 
503 135 
1542 459 
420 877 
44 1543 
1542 513 
1157 507 
1509 507 
104 1294 
564 1544 
453 1545 
429 1543 
412 874 
1209 1546 
1134 1546 
77 807 
1547 1546 
900 807 
31 1548 
1355 231 
656 656 
459 77 
1352 945 
1352 1549 
513 1548 
459 1539 
1521 1170 
346 1531 
236 668 
1550 231 
1521 1551 
43 1546 
1257 368 
287 1551 
1190 807 
1552 1548 
372 807 
372 1545 
1489 807 
1430 1551 
507 77 
