224 48 
3174 2905 
850 368 
3159 3144 
2760 3175 
2519 2340 
2092 2905 
1890 2905 
945 27 
3176 2479 
256 278 
2738 2426 
1769 3177 
3086 3178 
195 405 
81 3144 
3179 613 
3180 3145 
3181 3182 
2214 3159 
2896 2425 
2681 3177 
3183 71 
2714 1190 
3184 77 
134 1767 
2963 616 
1761 3177 
3159 1759 
793 616 
2077 616 
1343 608 
156 77 
1050 9 
2963 1228 
3185 3186 
1532 3186 
445 3144 
1611 3177 
2982 3171 
2541 2541 
34 97 
2214 3177 
408 2920 
841 3182 
2154 2920 
3187 3171 
3117 1636 
1047 3144 
3034 31 
1005 1940 
2760 2725 
3188 3189 
1611 1323 
288 288 
3190 2313 
1704 1636 
2612 1940 
1381 2468 
1381 2275 
770 2154 
1843 204 
2964 3089 
1867 3089 
1738 2142 
3191 3171 
2612 1940 
2638 3192 
1099 3192 
2214 3193 
2964 1190 
822 428 
153 3194 
1355 298 
726 2526 
2695 26 
2021 2526 
