1408 1350 
4246 1350 
5241 1350 
3872 5100 
4647 4723 
3610 1350 
76 1350 
4220 1350 
3239 284 
194 428 
3847 4795 
5499 5481 
616 4668 
3719 4304 
3719 5577 
3719 1917 
5578 15 
224 1350 
995 1350 
5417 428 
4769 5025 
724 4902 
5005 428 
5579 4304 
997 420 
1601 4962 
850 2339 
3686 15 
60 4925 
453 4221 
656 3695 
850 3695 
4771 5006 
3034 5580 
430 5574 
4902 5424 
5581 2049 
1992 2339 
77 4059 
153 4221 
1468 5561 
3095 4682 
5582 5561 
3540 5575 
3850 4446 
5249 5583 
1259 5577 
3247 5584 
1452 5585 
5586 3695 
3519 2704 
5586 2339 
199 960 
1522 960 
5126 4845 
2704 5587 
15 3285 
850 3285 
2351 1247 
2763 5127 
2429 1247 
2704 3695 
627 5588 
1030 4477 
4510 3492 
15 4723 
2763 5435 
2090 5589 
3540 2331 
1682 43 
