2758 2029 
6577 6577 
575 1939 
2599 7642 
2704 7726 
153 4902 
7510 7510 
7723 7727 
3643 5988 
7728 5988 
1343 5988 
914 1018 
724 7642 
34 5988 
5305 5988 
4104 2554 
5658 3230 
726 7729 
555 5189 
5418 5988 
6987 5988 
3781 6034 
293 5988 
2811 5988 
7407 5189 
7465 5988 
7407 5988 
4847 5988 
1259 2554 
1995 7730 
1513 5988 
66 2811 
6848 7726 
850 7731 
448 2931 
3415 238 
2758 74 
4732 1173 
2758 1867 
4497 7727 
2758 7558 
6510 7021 
3244 5636 
5988 5988 
2615 4253 
2704 5988 
171 6518 
