5928 78 
1760 4755 
6248 9559 
9479 9562 
5972 9563 
84 616 
5180 2681 
3540 2892 
43 653 
837 5900 
256 9564 
3003 9562 
3540 7686 
835 9562 
2351 653 
8431 9565 
2619 2619 
7078 3258 
567 4755 
2569 1835 
9566 2128 
1961 8449 
7078 2128 
9566 616 
9567 6894 
4631 9370 
2704 7686 
9568 7975 
532 726 
3095 9569 
532 7070 
8433 9228 
6332 4261 
532 726 
9067 4962 
4902 4962 
4902 8597 
2758 9570 
9571 837 
9536 9509 
4297 9370 
2827 1247 
1050 9479 
2535 8490 
532 726 
5421 9547 
837 9572 
1738 7020 
4643 6306 
2704 9573 
3846 448 
9564 9564 
6126 7020 
4011 9573 
7348 9573 
3095 4902 
9318 448 
9574 5653 
2675 7070 
43 9575 
3095 9576 
8660 9498 
3881 4128 
4407 9576 
835 4128 
1760 5116 
8014 9577 
48 74 
3736 3863 
1760 1582 
6543 9305 
1760 9578 
