9745 11348 
2481 10711 
8660 11473 
5972 11474 
6751 11474 
2963 288 
453 4104 
5087 11475 
4711 6501 
138 4414 
11476 1985 
5471 8955 
1805 4381 
11477 7975 
10580 2105 
10659 10081 
850 6501 
9870 7407 
4902 220 
9342 11478 
1805 7407 
8456 11478 
638 7407 
8494 4381 
11170 8955 
1682 10991 
7878 2077 
5618 11307 
4251 1939 
1050 9689 
2255 206 
1951 3093 
1187 11479 
3906 220 
1187 11037 
11197 11480 
10659 10829 
9700 11481 
10537 3697 
8904 11434 
9425 1985 
11482 5883 
5093 7407 
6510 7407 
1050 4952 
11483 346 
4593 220 
572 8393 
