768 488 
38 20 
539 65 
278 475 
182 656 
43 539 
539 539 
850 1 
850 1 
850 1 
850 1 
57 475 
850 783 
57 231 
43 231 
504 710 
711 204 
850 110 
96 475 
850 231 
121 894 
895 20 
596 475 
416 20 
872 135 
613 1 
726 450 
20 450 
872 450 
193 439 
894 450 
43 450 
517 332 
388 187 
690 710 
613 724 
236 450 
109 894 
109 450 
726 896 
133 897 
158 898 
899 20 
900 26 
797 710 
575 898 
877 722 
726 104 
158 564 
77 78 
822 44 
900 656 
821 75 
888 75 
459 78 
901 656 
656 656 
900 684 
901 294 
879 75 
236 75 
20 20 
436 897 
656 288 
564 128 
298 288 
349 488 
75 843 
140 843 
20 488 
728 488 
902 898 
726 488 
562 488 
43 78 
27 428 
903 428 
726 818 
194 20 
870 608 
43 903 
900 656 
27 428 
605 488 
