1350 2136 
5185 15858 
71 12974 
14618 5883 
6174 15859 
14618 15860 
15682 5836 
4934 15784 
15861 14975 
7078 4076 
15862 1015 
34 12974 
27 10216 
15863 15857 
48 12974 
11735 1762 
14089 2704 
10627 10216 
4274 3845 
4274 15864 
15550 5731 
3852 9999 
7804 2370 
6964 12263 
15452 15865 
9764 15866 
15867 15679 
2289 1780 
14925 14925 
14618 5127 
12791 2369 
4297 837 
15868 4645 
1234 1025 
5338 5338 
1995 5883 
1995 15712 
14584 7747 
111 2370 
1890 15712 
44 15712 
1890 15869 
15870 1197 
15195 15871 
