10927 8445 
656 2049 
1963 11619 
11701 8330 
7078 2267 
11559 8528 
11702 1237 
2136 11517 
5635 4641 
4397 4641 
7078 4641 
10659 4641 
1187 4641 
9425 11517 
9479 10483 
430 75 
11586 11528 
8660 7780 
9238 7780 
158 11703 
2853 2136 
5092 10100 
1343 9169 
6751 11186 
156 11704 
5180 9169 
4497 11704 
8939 4750 
8939 10935 
1006 11517 
1682 10782 
9041 8680 
5902 10886 
4027 11187 
575 4641 
2267 11329 
1248 8680 
77 3540 
2892 11699 
5493 5457 
10842 10302 
1762 7886 
346 410 
8000 410 
2892 11704 
8000 919 
9747 410 
2714 3954 
10842 7439 
44 8445 
3789 410 
9701 4750 
2758 11693 
11462 1291 
1632 11705 
11562 1928 
3881 1928 
2481 11706 
5518 11706 
194 1928 
5086 1928 
5701 5701 
153 7439 
11679 11707 
1890 3117 
