850 6672 
6491 6672 
532 7031 
6986 4902 
6510 835 
3095 6987 
850 3793 
6670 7384 
3291 7381 
6510 1522 
575 2782 
526 835 
532 7385 
532 6425 
3039 1618 
7386 60 
4297 1049 
6535 4500 
2481 1818 
7387 7386 
4902 4072 
526 7386 
4902 7388 
6425 7386 
5640 7386 
134 4677 
7389 7382 
7042 5136 
7042 5136 
7389 76 
1805 7386 
630 7386 
4497 2402 
7149 4049 
77 4072 
5298 7386 
3095 1667 
679 1667 
7028 7386 
162 3152 
1611 1522 
6380 76 
7364 7386 
3247 4072 
4219 7386 
4269 7386 
7390 7391 
850 3230 
3846 1656 
532 3034 
57 7386 
153 6068 
7384 7384 
6987 7279 
7392 4593 
6174 6505 
4914 7386 
945 1656 
4902 1247 
372 7386 
850 1582 
1818 1818 
