43 1853 
2219 49 
850 128 
284 2317 
2320 289 
60 2317 
2053 2321 
1542 1522 
532 945 
438 2101 
1704 2270 
1704 1411 
2322 31 
2090 935 
84 2281 
1209 2323 
81 2323 
1961 2281 
864 1210 
1259 1643 
1452 2324 
759 96 
2325 31 
2325 77 
27 2270 
38 2281 
121 2326 
1452 1969 
1248 1691 
1452 1691 
850 1691 
2113 1691 
74 2029 
850 1691 
173 2281 
2323 505 
1543 2189 
1788 2281 
768 2281 
194 1291 
605 2281 
121 253 
679 1691 
2327 834 
293 2295 
199 253 
44 1643 
2049 850 
2280 2305 
186 2326 
186 505 
572 1691 
726 2136 
1535 1691 
1543 2189 
687 2136 
2021 2245 
2328 933 
1041 943 
2053 1291 
159 2281 
2021 287 
2027 933 
189 2329 
94 2281 
368 2136 
609 1050 
2053 31 
412 1291 
1130 2281 
2021 76 
726 808 
2187 1352 
877 1050 
1542 808 
1259 76 
