3627 5127 
562 6323 
2122 4633 
6241 6319 
3364 4633 
1259 6333 
4397 5728 
835 6329 
372 6319 
1408 4633 
153 6319 
6334 5478 
2073 2073 
6334 1638 
1187 6046 
6334 5424 
4756 2087 
3230 278 
2481 6333 
6334 6335 
5481 5829 
4291 4633 
4011 5958 
3484 278 
834 4902 
6126 6044 
182 6325 
34 1099 
3540 4381 
6128 1580 
1664 1580 
5944 6336 
837 5728 
4902 6337 
13 960 
968 2621 
960 947 
2550 2621 
6334 6338 
459 5402 
6334 1227 
5972 6339 
2714 6339 
6334 2983 
6110 5402 
1985 2621 
5481 879 
1611 5477 
4633 3364 
47 6336 
4263 5402 
4005 6044 
2246 2599 
6340 420 
6334 1227 
4005 6341 
4872 3364 
1951 20 
2963 3876 
98 3876 
3364 6342 
6334 1715 
312 6341 
6126 704 
95 5728 
