2512 4902 
6126 991 
6747 6748 
2760 3627 
907 968 
995 532 
1141 968 
567 164 
4902 1389 
4072 1389 
15 2541 
6749 2541 
1236 6743 
2717 2704 
4072 6750 
530 2541 
3117 164 
1963 4367 
834 692 
575 3095 
2187 2187 
6751 2704 
1910 157 
1108 3239 
3364 3054 
47 2780 
6752 6753 
5972 6753 
346 6754 
453 532 
1352 2704 
3080 1170 
3291 2281 
1718 1247 
3696 76 
44 1718 
3425 6753 
6755 5960 
6756 6362 
1247 5956 
905 6753 
153 3239 
4769 6757 
3411 1718 
4743 6446 
368 6758 
3264 2356 
6530 1032 
6034 6034 
2481 1818 
453 6743 
2481 6759 
4297 5956 
6760 1099 
