726 3613 
3364 3614 
1947 1909 
3519 800 
2853 3615 
3093 3616 
569 3093 
20 3093 
8 3093 
38 3616 
34 3093 
1963 3093 
2960 101 
1995 3617 
1343 3093 
3618 569 
3101 1890 
1400 1909 
3305 198 
368 3093 
1589 3611 
2853 2049 
15 3093 
2411 278 
43 3619 
283 3620 
368 278 
1910 569 
3621 969 
3364 2704 
2446 2704 
1005 48 
1050 77 
80 3622 
74 3620 
31 3623 
74 48 
2252 3093 
1321 1760 
3425 2704 
2725 630 
537 2382 
140 3093 
3516 3516 
3624 3093 
31 3369 
2822 630 
2252 256 
2763 2299 
2215 3093 
3625 3625 
3626 346 
446 3093 
1947 2299 
153 3576 
193 346 
3627 256 
3627 664 
3458 3369 
3340 3570 
204 3628 
3629 2935 
285 661 
298 3628 
27 537 
3114 3630 
3627 89 
2780 2935 
3631 3632 
1135 3369 
2168 3628 
182 2704 
3633 3632 
281 616 
154 3630 
2260 3479 
74 569 
2488 77 
2548 537 
3518 62 
1259 1896 
613 256 
445 3369 
