9602 3087 
4769 7234 
3712 3087 
1853 2526 
3540 1170 
9852 7559 
2711 4094 
2122 9853 
6367 9854 
3607 4094 
1851 9855 
47 7024 
9856 7559 
6987 4497 
8676 2704 
8676 7024 
6551 4094 
850 1197 
9857 8947 
6193 9858 
1170 1170 
5254 9858 
6425 7024 
9859 4544 
7078 1582 
4866 9855 
9860 9861 
3540 1170 
9066 3003 
3540 3003 
3425 9360 
9846 9846 
4593 9858 
4756 8439 
4756 4497 
8904 7617 
1050 8670 
1291 1321 
1664 1190 
1050 5093 
3553 3928 
9295 7024 
6241 8439 
7078 3928 
5298 9347 
1836 9862 
5481 9854 
1890 368 
2608 9842 
6126 8205 
4003 5306 
1760 368 
1760 1321 
3607 7024 
9863 3895 
