5298 7971 
2892 8240 
653 8185 
2252 6034 
1525 8238 
1248 8241 
5171 8237 
1108 20 
98 8196 
3415 8196 
6136 6034 
5499 877 
8232 877 
1291 1960 
15 2570 
6241 7645 
7654 2146 
7723 1291 
405 4500 
2594 3094 
8242 7969 
5088 7971 
6064 8210 
4972 74 
5365 5374 
8243 8225 
4972 3093 
3314 1748 
2215 4048 
1234 7971 
2905 1960 
5237 7933 
3117 567 
892 8244 
3320 4648 
892 7496 
8052 1411 
8245 2811 
8246 4500 
2704 1198 
8200 1198 
44 8185 
2704 278 
366 366 
193 5635 
1259 8247 
4732 4648 
2963 3928 
4333 1129 
