3516 722 
3786 3531 
3660 3787 
1521 90 
368 2704 
2760 722 
2021 3095 
1601 2681 
2853 3196 
3320 3788 
153 3196 
3364 3196 
1177 2543 
2853 2704 
20 3332 
3643 722 
3789 3196 
194 722 
3239 3332 
3790 3791 
1614 3725 
3792 3791 
70 3793 
1760 722 
1400 722 
1400 3643 
933 722 
2005 2029 
3794 1170 
3239 3643 
43 3643 
3052 298 
1377 722 
3383 3795 
609 3643 
834 1619 
3796 428 
2704 881 
571 2712 
3719 4 
3719 3797 
3798 1619 
877 722 
3799 2712 
1259 2005 
819 722 
3800 298 
1338 722 
1759 3643 
3777 3801 
1300 3717 
3643 2638 
1047 3802 
3803 419 
153 3643 
3542 3129 
3804 3248 
1187 3805 
3792 3802 
3806 881 
1761 211 
2216 834 
1611 1 
194 3587 
20 3807 
850 3807 
3480 1811 
412 3643 
3792 1811 
182 881 
1400 76 
2548 3808 
901 3725 
