138 13030 
405 9639 
9238 13031 
7078 2704 
6721 10627 
4381 13032 
12977 894 
5724 13033 
4497 1323 
295 13032 
3247 894 
4631 12489 
945 12489 
1995 7178 
1927 894 
1532 13034 
9736 13035 
2215 13034 
138 13034 
10659 13036 
1760 13034 
12214 13034 
759 1853 
13037 1954 
11573 11573 
4952 11573 
11573 13038 
1521 4010 
856 1099 
13039 13040 
3512 9243 
13041 530 
7431 13040 
5306 9482 
2216 11573 
3736 3943 
835 13042 
13043 1880 
11197 13032 
10194 10829 
11573 4229 
7407 13038 
3540 13038 
10865 12622 
13043 4104 
11038 4229 
1352 13044 
