5 27 
214 223 
290 27 
291 151 
5 151 
150 77 
102 286 
148 151 
182 289 
167 27 
153 279 
214 289 
8 27 
292 84 
158 48 
293 1 
8 65 
129 248 
27 294 
293 75 
114 294 
5 120 
257 120 
81 295 
296 120 
122 295 
297 27 
238 151 
238 151 
189 298 
43 120 
299 43 
123 220 
5 300 
146 179 
140 27 
204 77 
238 96 
29 298 
81 301 
132 77 
204 114 
238 301 
299 301 
214 302 
303 208 
304 151 
279 305 
304 151 
304 151 
304 151 
306 307 
97 93 
194 151 
42 305 
308 279 
121 300 
224 48 
3 128 
3 128 
211 305 
193 299 
80 128 
84 220 
81 309 
273 306 
199 238 
162 157 
120 204 
162 295 
204 273 
76 26 
310 301 
129 273 
96 305 
77 48 
311 304 
1 273 
44 157 
81 297 
131 302 
248 273 
121 304 
312 194 
313 309 
277 311 
5 297 
1 4 
26 297 
139 120 
171 1 
301 128 
158 314 
301 151 
110 297 
51 297 
315 71 
315 75 
316 305 
110 77 
317 314 
314 151 
166 166 
318 305 
123 159 
57 319 
288 75 
320 304 
197 166 
321 166 
322 157 
110 323 
324 194 
271 323 
315 140 
271 304 
90 304 
325 128 
300 26 
129 110 
302 302 
98 288 
238 231 
238 140 
326 151 
43 231 
327 1 
43 166 
328 166 
257 297 
170 44 
327 27 
257 289 
312 194 
327 140 
224 75 
52 26 
197 329 
84 75 
285 43 
204 288 
52 27 
153 151 
153 26 
257 251 
27 273 
77 330 
331 26 
81 332 
333 332 
248 334 
