2704 2192 
302 4120 
4121 2760 
4122 48 
2763 3477 
1228 1228 
1951 850 
3627 2856 
4005 850 
81 3477 
2087 2856 
1236 4113 
4123 3477 
2704 4124 
708 1935 
883 3950 
1452 3970 
4125 3970 
3823 850 
2211 1611 
4126 2887 
1951 4124 
2187 3950 
899 4113 
3247 4127 
1050 3789 
224 569 
2643 1180 
1236 27 
3643 27 
3387 4128 
1236 4127 
4042 4127 
609 4127 
1408 3477 
4005 3789 
3516 2887 
2704 27 
1036 81 
1851 2281 
3214 3863 
84 27 
80 1429 
4042 4042 
3519 4107 
4042 4042 
4129 164 
4130 4131 
80 4132 
80 3970 
4133 2114 
3823 4132 
4032 2576 
3627 4129 
4134 3863 
532 3036 
2021 2534 
2763 2534 
3516 2760 
1509 1247 
2704 4124 
89 1247 
569 1247 
2924 4135 
4136 4105 
2429 2110 
