14571 5685 
16266 14890 
4952 17312 
10659 101 
2535 19719 
7686 20741 
20082 21451 
1805 21452 
656 7898 
21453 20633 
256 2570 
4633 9439 
6510 507 
21454 9394 
3831 21455 
7407 12385 
20483 1408 
1805 12385 
1108 21456 
20205 1408 
4896 16877 
1805 10853 
1542 727 
21457 4312 
5493 15564 
11358 21458 
11622 507 
1197 3369 
13973 6246 
19138 19138 
21379 15322 
3034 7095 
6241 10277 
5612 7095 
5459 10277 
546 7095 
20483 6246 
9819 21458 
3807 1323 
7686 3807 
877 21327 
405 5268 
21459 7234 
