1400 1876 
1400 1876 
158 1627 
372 1627 
1030 1835 
5 2102 
1522 2157 
2153 2102 
1788 2102 
368 2102 
1288 2169 
2092 1616 
605 2102 
686 2102 
2170 2102 
546 2102 
20 2167 
589 128 
38 2102 
27 2171 
1134 2171 
1790 2171 
1197 2157 
368 726 
564 2172 
1209 2173 
1805 1170 
1209 1170 
1784 2171 
2072 1714 
1611 2171 
1611 2174 
121 2005 
1259 101 
1259 1139 
1259 798 
2021 681 
1760 27 
1951 2175 
1099 2176 
1760 294 
43 1939 
2177 1841 
204 1139 
43 2178 
1584 2102 
43 2179 
882 2157 
199 2102 
1300 935 
2180 1199 
1704 1139 
121 2180 
