382 9182 
111 4560 
76 4560 
2382 4560 
7898 4795 
2681 4795 
2215 10031 
153 4795 
158 4795 
3095 9358 
295 5685 
1350 4795 
295 2764 
1350 4795 
1350 4795 
7078 5580 
2481 2785 
1248 2785 
6551 2785 
9602 1633 
10289 4795 
10290 4795 
4972 97 
3842 1633 
5402 571 
877 4795 
901 4795 
7843 9286 
468 4795 
5365 4795 
4104 4795 
5972 282 
10291 3529 
3148 877 
3003 1633 
8296 4795 
2714 10284 
7407 10292 
3881 4795 
630 4795 
892 10293 
3627 2764 
10249 5028 
10249 5028 
10294 3705 
10295 7161 
892 1828 
10249 4633 
47 4795 
1943 4795 
2714 4633 
153 5028 
3485 9046 
9959 10296 
1239 8828 
8296 877 
8296 5182 
10297 5182 
10298 10299 
1890 8185 
6126 5580 
7804 10300 
5972 10301 
3003 8965 
