8660 6965 
6111 1656 
9109 9108 
1963 9097 
3018 9110 
2704 9110 
1556 9110 
9111 9110 
7833 9110 
4505 9112 
8505 4928 
9070 9110 
1224 9113 
4011 1099 
7804 9112 
4381 9098 
2799 1036 
9114 9092 
7103 7103 
9114 9110 
2481 9112 
6540 9110 
4497 5127 
6334 1099 
502 9110 
3840 6056 
4011 4497 
1790 1291 
834 9115 
98 2083 
7149 7149 
8456 2029 
8550 62 
9116 1761 
2255 9103 
4593 9103 
4593 670 
1611 9117 
4011 630 
1521 9110 
613 9079 
4460 9118 
3928 2083 
6920 8482 
6241 2083 
6241 1656 
1851 9119 
