4297 101 
2481 3285 
1201 599 
3588 3881 
2114 4553 
3781 935 
2963 2370 
4698 3607 
3847 2370 
726 4301 
3447 346 
2633 4301 
4297 2370 
2892 4163 
750 3881 
3849 3881 
3904 1522 
2640 1139 
1247 77 
1355 78 
4297 78 
4699 3285 
4297 1355 
4505 4700 
4701 850 
372 482 
4643 3529 
4251 2370 
2640 4702 
4505 4301 
3051 3113 
138 77 
4703 3881 
3425 4700 
3253 726 
312 4301 
2580 3529 
4451 3364 
4059 4556 
3823 1170 
997 1170 
4059 1170 
4704 3364 
850 4705 
2098 4705 
726 1170 
4059 2618 
1611 3881 
1611 3881 
1611 3881 
1611 3881 
1611 3881 
1611 3881 
1611 3881 
1611 3881 
1611 3881 
1611 3881 
1951 2211 
1270 901 
3881 1270 
945 1270 
3369 4615 
3320 4702 
287 727 
2397 2383 
2397 2383 
3074 2535 
3320 1540 
3643 4706 
138 1247 
238 1247 
3239 295 
4072 4706 
1522 4677 
2714 295 
2785 1247 
4643 1247 
609 3034 
1910 253 
