1187 656 
43 6355 
2136 20 
2136 20 
115 6357 
2481 6333 
3364 20 
2481 20 
6358 211 
6331 6331 
6358 211 
1306 20 
4769 20 
1790 569 
4005 3327 
6359 2343 
1890 1355 
174 6357 
1738 4500 
1 1 
724 1744 
76 6344 
5402 1355 
3095 5910 
2811 211 
4297 6354 
770 211 
575 5910 
6359 1715 
3484 656 
6214 5006 
6360 5006 
537 5006 
4758 584 
3207 211 
6361 6353 
1259 1355 
3540 48 
4219 1247 
1234 1247 
3411 1247 
1234 1247 
3881 1247 
1234 1247 
1234 1247 
3333 1247 
284 584 
572 1247 
1710 1247 
5452 1247 
1234 1247 
2763 6362 
89 1247 
6174 1749 
3686 5721 
2228 1247 
368 1247 
368 1247 
1234 1247 
6213 1247 
237 1247 
6363 1247 
862 5886 
2714 1247 
237 1247 
285 3076 
3320 6364 
43 1190 
5254 6364 
5245 1371 
2481 1247 
3364 1247 
2704 6365 
6316 1371 
6366 6367 
5180 1951 
3185 1247 
2983 2983 
6126 6367 
38 6368 
6369 5006 
6333 1247 
2187 1371 
2618 5006 
3876 3876 
173 6365 
1962 5006 
