2714 11341 
4902 11342 
6126 668 
613 9375 
7804 10604 
3271 9375 
5192 7935 
3736 668 
2569 10604 
1190 1190 
1343 11342 
5972 11343 
9764 8241 
4732 1049 
850 8241 
2621 968 
6987 2704 
4691 9610 
4691 11342 
4497 10604 
1513 2704 
4104 968 
10580 8840 
7078 11341 
1248 759 
616 11267 
3540 2704 
8303 759 
10842 1759 
5093 11344 
613 11267 
5459 1247 
10537 11345 
4593 2022 
2481 759 
2351 3301 
4902 8302 
9470 11346 
11347 11344 
9700 11348 
575 11349 
6516 1828 
6987 4408 
3291 11350 
10537 11351 
