6551 850 
346 2370 
5464 1992 
43 43 
6616 3087 
6617 4902 
6618 1992 
821 6619 
47 6620 
2640 3276 
575 6621 
4643 6621 
3117 6203 
1985 2106 
3117 109 
5254 2106 
572 5006 
834 162 
3117 128 
821 5006 
34 248 
109 6203 
4643 6622 
1598 6605 
834 2370 
526 6623 
405 5305 
1664 5305 
1259 2106 
1601 5305 
6624 128 
6585 6619 
5298 432 
6625 2106 
1768 66 
1197 80 
517 2704 
537 3627 
346 6459 
4397 6499 
3320 298 
3320 3301 
2963 6626 
2512 6619 
1851 6499 
1480 118 
453 5799 
3575 6499 
4297 3301 
3239 6627 
2459 850 
252 134 
5758 2673 
112 2673 
44 4593 
