2629 2407 
2163 8759 
2704 8760 
8761 722 
5180 8741 
4643 722 
4633 722 
5972 656 
1355 1355 
7008 7330 
285 8649 
4902 8762 
2351 8649 
4902 5151 
1460 3789 
1343 3789 
5972 4010 
837 3451 
1749 8763 
71 6669 
1980 2131 
3185 8764 
7956 8750 
3643 8750 
2214 8748 
2214 7569 
7804 8750 
2871 158 
7407 656 
1036 1099 
8765 8561 
74 8751 
8766 1582 
724 3789 
6510 8767 
2675 8768 
2714 8769 
7390 5376 
75 2704 
2535 8770 
6551 1309 
6126 1270 
193 1270 
7028 917 
8660 3034 
194 3034 
2758 4178 
1099 5282 
