1381 5755 
5518 4564 
66 5543 
4870 421 
905 3285 
905 4043 
3247 312 
724 5733 
575 5424 
1962 2879 
5824 2426 
156 5733 
4220 1992 
1050 1992 
872 5733 
4397 692 
901 679 
3719 1601 
4397 5825 
431 1350 
997 5151 
2187 5733 
1890 2879 
903 1601 
872 679 
724 5825 
4643 5826 
4902 5827 
5792 5826 
4769 5827 
4814 5733 
4692 5828 
2558 5127 
2717 5828 
1768 5127 
4269 3124 
3519 5829 
5830 4589 
3120 5830 
5831 1342 
5452 5825 
5832 1118 
5452 5733 
5293 5293 
368 3054 
5833 901 
5834 408 
850 4814 
1633 5816 
44 5605 
4263 2164 
5835 4814 
5518 5829 
44 3054 
3821 5417 
194 5836 
4643 5837 
