138 3285 
965 6961 
4692 6962 
6816 6961 
6510 6056 
2016 4205 
6962 6962 
3560 6959 
31 6669 
5658 726 
153 6963 
278 6962 
8 6577 
188 6669 
6964 6964 
1784 4205 
1247 3285 
2599 6577 
1619 2554 
759 6053 
2351 86 
1611 3285 
1242 6053 
945 86 
4902 6959 
6965 6053 
6965 6966 
453 6053 
44 2704 
74 6577 
6949 6053 
134 1939 
6749 3210 
677 6669 
2037 6967 
6899 6968 
726 5985 
4297 6969 
6970 3210 
901 3210 
5126 6971 
2599 3684 
6852 6972 
2029 2136 
4902 6835 
4988 3093 
2714 3455 
6965 1714 
134 5985 
346 2370 
6510 1939 
1495 1701 
6973 3538 
