31 75 
1768 3684 
96 2782 
2608 2780 
2711 4365 
2061 2576 
15 506 
3627 664 
193 4366 
3823 2704 
2996 656 
1867 3655 
1236 4159 
74 75 
1541 4159 
96 4159 
3453 656 
3367 4367 
44 4368 
1259 204 
2416 2856 
1768 4369 
4281 77 
2763 616 
1541 616 
3881 4370 
44 3614 
1768 4065 
3320 1560 
856 1939 
3320 4371 
77 4371 
3781 4369 
4372 4371 
4373 4371 
3247 616 
2535 4371 
2535 2534 
138 4371 
4374 4371 
2599 4371 
3789 4371 
3453 900 
2029 4371 
4258 3627 
1157 4065 
2957 3627 
309 4371 
2021 4375 
