2216 6341 
2714 6341 
656 2704 
3540 4845 
1243 4135 
2429 442 
4454 304 
5972 4363 
6903 6903 
5972 6852 
1343 442 
5285 4682 
5717 4845 
979 5577 
6359 4682 
1995 6370 
1377 3024 
2905 6904 
1638 2962 
2557 304 
164 6669 
487 6474 
6905 304 
2215 6906 
2675 6907 
1961 5577 
4297 4838 
4133 6790 
247 4220 
546 248 
2397 572 
44 6880 
2714 1759 
1247 4838 
4407 6908 
1784 2105 
4769 6909 
1805 2105 
5968 6888 
2764 6669 
2351 6906 
5612 6910 
1187 3933 
3095 6910 
1350 537 
4011 6571 
6669 6911 
372 2704 
2763 6669 
1350 2105 
6901 656 
4011 6864 
138 656 
