815 238 
154 3358 
368 3358 
4187 1489 
2195 1489 
3730 3643 
44 13 
925 1069 
2021 4188 
3823 2704 
835 110 
530 1142 
1963 110 
4075 110 
4186 2704 
3364 110 
4189 211 
3247 211 
1142 1142 
3247 4051 
759 2029 
194 211 
74 1032 
4190 4010 
86 43 
759 569 
1452 4188 
268 4188 
3881 211 
1521 2029 
1611 679 
2763 4059 
759 1503 
3881 4059 
732 4191 
883 4192 
1797 679 
1835 1503 
141 4059 
4193 638 
4194 4100 
3239 211 
1247 679 
1521 4059 
410 4059 
3823 4059 
1643 1799 
109 2029 
4005 3881 
1803 3881 
2963 4186 
3881 4195 
3823 4195 
134 4059 
656 3919 
1247 4196 
4197 4005 
3104 3885 
2481 3044 
327 1799 
3643 1407 
2758 569 
1247 3044 
2565 569 
