1963 724 
2879 2491 
459 1015 
726 6202 
1963 724 
1963 724 
2713 3054 
43 5440 
4397 6196 
4251 3054 
3034 6200 
4256 5723 
6203 3113 
6203 6200 
6056 1086 
5972 6204 
6056 1070 
6205 6206 
2481 6207 
1461 5440 
1611 2681 
5972 5417 
3095 3271 
2963 759 
3977 872 
1835 872 
2963 3977 
29 6208 
458 679 
2976 2157 
6209 90 
5417 679 
6210 1086 
2168 3977 
214 3835 
4381 3540 
3881 3540 
4297 27 
2252 3271 
15 6211 
4072 835 
3804 6212 
2215 1853 
1633 6034 
1951 6212 
5518 6034 
1338 2227 
6213 6034 
315 6214 
1890 1853 
5279 6215 
2043 3835 
2519 914 
2365 1594 
6161 6161 
1714 6215 
5895 6214 
1611 6056 
4011 6056 
4870 1074 
86 6216 
57 6217 
4510 6217 
5623 4072 
3881 4072 
133 6214 
4902 6218 
2827 4072 
