194 1738 
69 1237 
1378 1237 
945 1029 
1729 77 
217 1629 
1739 1239 
1739 204 
1661 1237 
1638 698 
1521 698 
1740 332 
48 1739 
368 1739 
368 1237 
1593 1734 
1670 347 
1670 77 
368 95 
726 95 
129 808 
120 77 
431 95 
1341 95 
77 95 
562 1741 
204 95 
346 1739 
1614 1739 
97 1237 
564 1036 
1408 1741 
448 1036 
726 1036 
726 890 
1209 1741 
1658 453 
562 448 
42 1741 
503 448 
1209 1742 
1743 347 
1 569 
1259 77 
1702 1744 
947 947 
1730 569 
1259 1725 
1368 95 
1522 95 
1745 1725 
31 514 
1522 77 
202 1323 
133 1742 
850 1691 
1670 95 
284 664 
1521 1670 
1552 514 
1552 31 
62 1259 
448 1746 
134 40 
850 850 
204 31 
726 233 
368 1670 
43 31 
945 1747 
204 1747 
1730 31 
562 1744 
1744 1036 
1378 1744 
81 1744 
613 1748 
