1108 3881 
7630 539 
575 6103 
1379 448 
892 7622 
2287 7631 
6191 539 
6191 7607 
3159 448 
3095 246 
2905 1350 
759 7394 
7483 5127 
6935 1350 
1259 2554 
7440 1248 
2554 2554 
2897 134 
1259 134 
157 5719 
7559 134 
1379 134 
44 3189 
44 7558 
3425 134 
1768 7512 
3153 7627 
6599 7512 
1309 4261 
7407 5382 
995 134 
5298 4872 
6241 134 
5518 7361 
901 5719 
3291 7632 
7407 7633 
4845 7634 
7612 3189 
1928 134 
4902 7542 
1078 44 
6241 4261 
679 134 
7602 7602 
3222 7635 
2351 3301 
4732 2374 
1355 448 
