77 1163 
6712 850 
5185 1355 
10414 4020 
9406 2704 
1749 850 
9842 9821 
10415 1321 
7956 10371 
2397 1355 
10402 10402 
7804 1247 
2187 10371 
10350 10216 
9825 9623 
10416 298 
8634 2811 
10417 2811 
96 10418 
4593 2267 
1138 298 
96 2704 
7878 10419 
2599 9136 
8172 1618 
4497 10420 
8660 10421 
439 3186 
1099 10422 
10423 10419 
9602 4633 
4633 4633 
3881 4633 
3881 4633 
3881 4633 
2319 4633 
1797 4633 
3117 10424 
10412 4633 
1234 3186 
140 4633 
1234 3186 
3906 4633 
2571 4633 
8819 4633 
6751 4633 
4631 4633 
5241 4633 
1321 1321 
1321 1321 
4631 4633 
9644 4633 
724 8955 
4497 6214 
630 3186 
6551 4633 
630 3186 
630 3186 
2267 10422 
9870 4050 
6551 4048 
