2760 6245 
2168 4958 
1951 6245 
3542 9005 
372 935 
11036 7598 
4128 935 
2158 7996 
4072 6245 
5375 5161 
4972 2057 
575 3954 
10659 431 
8621 5161 
4497 7996 
4902 431 
3295 8201 
1224 9992 
4167 9005 
995 8201 
6987 6178 
575 312 
1248 6672 
1995 4958 
5279 879 
11037 10865 
10022 1935 
11038 5130 
1805 3807 
1050 3807 
4847 10865 
10853 11039 
10853 10940 
1170 110 
572 204 
6316 10871 
6245 11030 
4972 2057 
8 5116 
11040 204 
468 431 
2481 10871 
2481 3807 
9950 11041 
6543 1652 
6457 1652 
2481 1652 
4128 11041 
138 1652 
5254 11042 
11016 5578 
11043 11030 
530 11044 
5972 11041 
1036 10182 
