2704 3144 
2474 3119 
3086 3086 
877 9 
1135 3128 
81 81 
459 1237 
2896 1247 
2154 3145 
3088 3145 
575 118 
3003 80 
1350 2479 
2704 1196 
3003 884 
1951 3136 
3088 1196 
1350 118 
3003 3146 
194 1138 
877 278 
3147 3128 
2905 1046 
575 3119 
530 9 
641 2612 
2963 1248 
97 3128 
1343 3148 
1134 9 
77 3148 
2905 97 
575 9 
5 3145 
1541 2612 
2252 1046 
27 2612 
1611 2154 
679 118 
679 3128 
2450 3149 
2535 2154 
3150 2541 
687 3149 
3151 9 
609 2714 
1738 1138 
3009 3144 
97 1960 
539 3148 
2963 3144 
850 3128 
2098 9 
43 3148 
2957 1449 
2811 2154 
2963 3144 
1805 9 
