3765 3765 
12155 12870 
4072 12871 
12872 2281 
613 12873 
708 12870 
5298 8749 
11486 278 
12874 11757 
12787 12875 
12876 158 
3955 459 
111 2369 
158 158 
5972 3034 
2704 3034 
8922 10695 
4011 8280 
9923 12877 
3781 12873 
2275 8280 
12838 12877 
7407 1310 
4952 12877 
202 7449 
9334 2407 
12878 12879 
12880 278 
6174 4682 
9036 12726 
10144 5883 
8067 1310 
9865 12875 
965 410 
6702 8460 
8660 7804 
2446 3607 
2211 9604 
6126 2299 
3485 12881 
1248 3607 
850 9639 
7804 12877 
562 7975 
12719 1744 
8098 8750 
4011 7449 
12878 4363 
7804 12775 
