4744 3051 
5564 599 
15 3051 
726 1099 
2763 3051 
5435 5561 
5452 43 
173 43 
15 4974 
2411 3333 
3532 3333 
1890 5376 
4297 5565 
2633 4856 
1355 3333 
2358 599 
5412 5376 
877 5566 
77 3333 
89 1247 
366 128 
1961 4974 
3283 128 
1108 1045 
3881 3333 
1768 4048 
5567 15 
5499 43 
1951 1045 
4005 1633 
2879 77 
4139 3051 
1099 77 
1236 5024 
5491 5554 
1611 3532 
5568 2682 
5569 3765 
945 5565 
1611 4962 
945 5218 
3540 2541 
86 77 
194 5570 
5571 5305 
5254 4304 
4974 4974 
44 1247 
1611 1582 
4297 1271 
5572 5305 
2022 4304 
77 4795 
459 4795 
298 4795 
4397 3333 
5435 4795 
1194 4795 
5572 4446 
2892 4304 
5087 799 
2704 3587 
4751 4186 
4059 5573 
3928 5574 
15 1780 
2098 5575 
194 3587 
1400 4795 
1714 5574 
1768 5387 
1890 5424 
2983 4795 
4902 5424 
287 284 
1522 5561 
5452 5576 
3364 1350 
5360 968 
