665 77 
27 43 
140 373 
555 665 
720 373 
738 43 
43 373 
555 43 
233 373 
590 562 
95 739 
123 739 
487 739 
123 373 
1 739 
517 724 
146 739 
126 739 
158 20 
690 739 
567 20 
740 656 
81 20 
616 20 
327 704 
605 20 
98 433 
605 98 
287 20 
293 34 
121 224 
550 20 
31 373 
76 77 
293 408 
555 304 
293 34 
84 665 
555 77 
15 368 
81 304 
544 176 
400 162 
720 665 
9 77 
169 616 
741 34 
238 665 
562 616 
742 98 
500 717 
199 717 
238 176 
711 34 
287 20 
562 193 
590 193 
616 294 
121 433 
724 507 
189 294 
132 81 
77 668 
129 273 
132 743 
412 77 
488 273 
744 446 
656 656 
1 39 
123 487 
80 656 
656 656 
106 507 
656 656 
106 618 
43 86 
346 193 
488 65 
745 743 
616 65 
746 736 
352 668 
747 656 
747 656 
153 665 
109 513 
546 65 
728 332 
98 140 
236 193 
236 618 
27 86 
