5092 6577 
138 6577 
8078 4205 
4952 1582 
4011 13754 
4633 13755 
13626 1618 
12518 12518 
9510 13756 
43 13757 
8676 8415 
12157 9747 
2638 8415 
2638 8415 
2711 13148 
4631 13758 
1951 13759 
2061 3607 
1611 13760 
10668 13597 
2187 13756 
4631 10922 
11550 13761 
6806 6806 
6510 13762 
1611 12299 
2619 2984 
2216 13710 
4059 12299 
3320 10632 
2827 10632 
465 13763 
4593 13755 
13726 13726 
4477 8095 
12426 13764 
13388 9276 
13765 10022 
7078 3093 
2764 13755 
1400 12299 
1108 8904 
5518 9276 
5635 13766 
13165 13767 
1890 13763 
12299 12299 
