1030 850 
287 1376 
453 1376 
372 1273 
44 850 
1377 850 
77 850 
1378 373 
1379 59 
1288 1380 
174 26 
1381 1380 
27 1382 
1282 1382 
850 1380 
384 1383 
1307 8 
1259 43 
1259 43 
503 850 
1384 850 
586 442 
1199 1376 
1288 1376 
1379 850 
182 1385 
1257 834 
81 1385 
925 1099 
27 1099 
1259 1099 
1288 933 
50 933 
47 43 
1386 1387 
899 933 
807 933 
1135 1388 
834 1351 
692 77 
1389 1170 
1135 1032 
504 442 
204 1387 
84 933 
726 204 
1190 933 
27 204 
1259 1234 
1050 1387 
908 895 
1248 1170 
27 987 
89 1380 
726 459 
1259 459 
1338 1380 
834 987 
921 442 
44 204 
1390 110 
44 874 
726 110 
1390 50 
204 110 
412 874 
1047 919 
459 919 
141 459 
687 1189 
1108 947 
1368 1189 
153 933 
850 850 
77 1180 
1352 721 
1234 140 
1338 850 
1355 26 
