1890 11359 
9751 8738 
6370 16583 
3781 15732 
1682 9081 
2061 16584 
12036 5605 
5279 8058 
1379 16524 
6702 8058 
850 16584 
850 2175 
6721 5605 
410 16585 
13837 13681 
16586 14037 
4274 158 
16587 16585 
6370 16588 
138 16039 
13674 1614 
10659 16181 
3593 16140 
16536 15856 
7407 16585 
2061 11108 
5972 15877 
6092 11841 
15247 15735 
14089 10310 
4692 16589 
12791 16590 
1531 16591 
1057 16592 
12791 16593 
9865 16461 
1355 16593 
16594 598 
4972 2321 
614 14137 
13489 12744 
13837 598 
7196 13844 
1614 10216 
98 2321 
6915 16592 
27 1962 
15481 5556 
71 4902 
