1509 11516 
2711 9639 
3881 3957 
2704 8051 
410 11530 
9461 11472 
1138 11531 
382 8051 
6358 11445 
850 11532 
5972 11445 
6193 11531 
11533 3479 
6751 11534 
6193 11445 
11535 9224 
1805 382 
1611 4795 
5282 5282 
5972 2136 
850 2136 
1805 4795 
220 5282 
10659 11104 
285 11536 
8276 11537 
850 11538 
199 2029 
3540 7447 
1190 8051 
3438 11527 
1190 5282 
3438 11539 
5493 4795 
2621 2136 
2090 11540 
1951 4723 
1509 11541 
1951 11104 
8515 382 
11542 5493 
11358 7573 
850 4795 
894 1541 
1805 4795 
11543 5493 
995 11525 
1805 11544 
11530 11530 
10659 11545 
5493 11544 
2714 2136 
1138 8904 
11546 1404 
1197 2136 
10659 8249 
