724 8489 
6987 9510 
77 5093 
2714 7348 
821 5900 
4902 9511 
9512 9185 
9513 9514 
9479 9313 
5425 9515 
9516 1099 
4795 1582 
4128 2268 
9517 9490 
9510 1749 
4890 5650 
9518 9097 
2758 9509 
5972 9490 
3842 9511 
8660 445 
9519 9511 
44 8445 
3368 7613 
2963 9097 
98 9424 
6854 4641 
131 9097 
1601 5650 
157 759 
9493 9097 
4059 405 
7078 4641 
256 1618 
850 4458 
3575 9097 
194 8739 
171 2713 
47 6831 
9479 2766 
278 9098 
9479 6952 
844 9097 
5712 6831 
8660 6831 
5612 9520 
7078 8778 
9521 9522 
8458 8477 
9523 3003 
9524 5245 
1248 9525 
6126 9526 
5087 9522 
2963 9070 
