16372 5182 
14089 5958 
16039 1228 
16373 16086 
16349 16234 
4167 15276 
4167 4458 
15550 16274 
10350 16374 
16375 16292 
15550 16374 
5092 2066 
5623 16201 
13299 10871 
4933 16374 
48 759 
11359 76 
16376 4992 
15470 16086 
1300 14511 
11938 6978 
850 3695 
2704 16377 
10659 2856 
16378 2856 
16226 11914 
16006 3695 
29 14149 
16006 3607 
4902 16374 
4896 16379 
6193 16380 
1995 14446 
16270 16381 
15900 16374 
14308 4049 
7164 15842 
15916 2856 
88 4049 
2061 10871 
14618 14446 
88 16382 
7164 15842 
9959 3977 
88 13969 
88 16377 
16383 2925 
6126 16384 
488 2856 
1963 2856 
13615 2856 
9479 16377 
15392 16377 
12157 2856 
1851 16374 
6370 11817 
6370 7488 
5180 10486 
6370 2629 
1614 14994 
15907 16207 
8660 16385 
9342 16386 
5822 15828 
14618 11817 
1738 14683 
9479 9479 
2351 11817 
14399 14511 
