1784 4902 
13615 13615 
4755 13615 
7683 10424 
567 13615 
12671 2535 
3086 14037 
13995 2175 
4381 14108 
11038 14109 
835 43 
2090 7683 
4011 3283 
4952 14110 
3553 2083 
2481 9834 
1343 4902 
11731 60 
4902 43 
2704 2175 
8676 2704 
1050 9005 
7804 2704 
9719 2811 
5279 2083 
202 1582 
256 14111 
3607 7559 
13692 13692 
9394 13692 
9394 7559 
465 4902 
12087 14094 
613 13692 
6646 13692 
3607 759 
11573 2782 
10578 14112 
138 7559 
7407 13398 
4011 140 
13313 2909 
372 1582 
2216 2782 
1611 13692 
11573 2782 
14107 14113 
6987 7559 
6510 2811 
6987 7559 
7683 9119 
2254 13692 
8660 9119 
850 5556 
6585 13692 
2543 14114 
4625 13692 
546 14115 
14116 1225 
2811 1582 
9834 9834 
12194 7559 
