537 91 
86 2971 
2917 2969 
278 91 
1343 2972 
2973 945 
2974 945 
2373 97 
546 2969 
2411 2972 
256 1546 
1400 1985 
133 2969 
1611 681 
442 442 
2975 278 
2976 2425 
2963 176 
2281 2281 
44 167 
1925 2281 
2215 1574 
2548 1574 
945 1574 
2021 1574 
1108 2950 
2725 2541 
2964 1355 
1768 1291 
2977 2261 
2725 1355 
2612 1355 
2714 2978 
1434 1355 
2850 142 
1309 1355 
278 1355 
2963 2329 
2714 2972 
77 2541 
850 2977 
1418 2977 
1522 2673 
2763 1099 
1890 2281 
546 2969 
2450 2979 
850 2979 
1851 1291 
153 2673 
402 2977 
372 2447 
372 298 
850 298 
2725 298 
43 1574 
2029 298 
2187 1355 
2450 184 
2187 1355 
2256 298 
1350 2977 
2980 903 
1350 402 
1189 679 
1350 2979 
315 298 
2704 1350 
298 1355 
