194 3643 
2714 3643 
453 3643 
2021 3455 
138 4054 
1352 4055 
4005 2717 
157 4056 
153 4015 
3914 4057 
879 4056 
2114 1270 
1691 1309 
1696 4056 
1951 3736 
2717 3247 
3419 2373 
2997 1507 
4058 2373 
4059 2195 
1259 234 
2383 1270 
27 2383 
3095 3412 
1602 116 
1995 4060 
4005 3888 
3878 4020 
2548 34 
1170 1170 
4061 1170 
4062 4053 
4062 2281 
3324 1170 
3440 2114 
4059 167 
883 4063 
1247 1228 
3823 537 
2021 4063 
883 4063 
2216 4063 
3823 4063 
2608 3577 
2704 3186 
1803 1803 
1248 1247 
2599 856 
315 4064 
2633 3577 
4005 1050 
1050 3945 
2704 3131 
77 3945 
2481 1170 
2481 1247 
1601 883 
