1851 90 
248 2425 
1343 309 
1248 2447 
57 2157 
903 2420 
850 2447 
1851 507 
2725 2447 
1532 726 
2077 1589 
517 347 
1532 2966 
2397 26 
174 2370 
1532 15 
98 1589 
2633 609 
2633 1759 
2725 609 
903 903 
768 768 
1532 2967 
2638 2968 
1030 507 
2871 539 
1638 1638 
396 2968 
2725 2967 
609 724 
2897 44 
1542 539 
2963 74 
1350 347 
759 90 
442 1618 
44 2966 
76 2966 
44 1618 
2548 539 
1784 2966 
1843 945 
256 2604 
2021 2062 
1541 90 
2533 1759 
2738 44 
2214 537 
2701 2967 
2566 2062 
850 97 
2214 2725 
2228 537 
15 2725 
1638 1985 
1050 1985 
668 537 
1805 537 
43 1985 
48 288 
609 2969 
372 1507 
402 97 
372 2970 
182 537 
2760 2673 
2187 2970 
1845 1170 
1408 2966 
2964 2969 
