1760 1190 
2393 2245 
2187 442 
2545 298 
43 298 
138 2450 
2450 1444 
800 2717 
728 1444 
1062 2450 
1768 776 
1851 776 
1541 1444 
2785 508 
2811 2748 
2811 2830 
2811 2469 
2092 689 
2638 2831 
2811 2186 
2113 2029 
687 2450 
2725 1449 
2711 2029 
346 2826 
298 1188 
62 2826 
1030 2094 
2832 204 
194 60 
2351 2782 
2214 2833 
2832 878 
1541 2029 
1489 2790 
2834 2612 
2835 2612 
2836 2825 
2766 715 
1768 2782 
1434 2837 
2828 715 
445 1453 
1197 2838 
2548 204 
2629 689 
2548 2612 
1911 2826 
2450 2828 
2725 279 
2725 2214 
2725 537 
2839 2840 
2841 2612 
2388 2825 
1618 2837 
800 2833 
2778 715 
687 2838 
2766 715 
2842 2837 
138 1867 
2778 2830 
883 2833 
2446 2838 
2216 2704 
2843 27 
2844 884 
609 2681 
850 837 
57 2845 
2281 97 
1313 2843 
1805 2704 
1894 1896 
43 2681 
609 609 
2785 850 
