27 724 
459 1247 
1630 656 
1259 204 
725 347 
995 1383 
1631 1631 
822 1606 
503 1383 
1377 1383 
726 1129 
182 1216 
44 1129 
448 420 
124 13 
44 1216 
1293 1632 
1129 1129 
120 1288 
42 1633 
432 1616 
346 204 
224 13 
785 298 
448 1634 
233 1634 
86 1606 
1635 877 
1611 877 
448 609 
616 1137 
431 609 
1528 609 
679 609 
182 609 
609 609 
1636 1637 
194 609 
74 298 
91 919 
1617 34 
194 1129 
1638 1137 
1639 84 
459 1634 
1259 298 
834 84 
1617 428 
1617 34 
1617 162 
503 84 
44 1137 
1640 1151 
1636 1637 
158 9 
726 9 
616 901 
656 656 
1630 162 
1619 656 
1641 130 
141 1291 
1381 60 
856 1288 
459 616 
856 431 
382 217 
1378 609 
1521 1137 
1288 609 
1598 187 
121 616 
412 609 
43 616 
459 960 
609 609 
1642 1121 
134 420 
199 616 
