6359 7988 
8399 949 
4902 8450 
8085 949 
8451 7154 
4902 4072 
8399 616 
850 8452 
3230 8452 
4902 8453 
1458 2105 
8454 6987 
995 5305 
6510 5305 
3093 4505 
8408 8192 
1290 4505 
8455 4845 
2717 6177 
8439 3243 
61 949 
8098 8456 
8457 6177 
6303 679 
1601 8453 
6988 616 
8458 6177 
1099 1099 
3540 8456 
1050 5093 
3054 3054 
3034 6177 
8399 2612 
8399 5944 
4643 5944 
1521 5093 
199 6034 
3906 6177 
835 616 
6645 3243 
4847 6034 
4467 949 
2856 6177 
2957 8452 
6800 6177 
8459 6902 
6358 6177 
1108 8460 
224 74 
