1158 505 
2714 2773 
2670 759 
1050 76 
609 609 
204 2676 
2766 1656 
2510 2676 
1784 2714 
834 2389 
1951 2676 
2774 2775 
2766 2714 
74 431 
2113 2676 
1343 2773 
808 31 
1943 31 
2373 76 
770 2281 
44 2676 
1400 599 
2714 599 
84 2676 
1288 128 
453 2599 
2411 2676 
388 759 
770 1460 
2098 382 
2776 2157 
453 202 
1503 569 
1556 1968 
726 2643 
347 2671 
2411 599 
1434 2671 
2580 157 
2777 196 
1541 196 
2714 184 
2214 1874 
679 196 
687 196 
1050 196 
1194 687 
2013 196 
2778 196 
173 196 
1768 1560 
567 1129 
2215 1560 
2214 2479 
2725 2779 
770 2676 
2780 184 
2021 2676 
346 371 
2599 371 
