4059 609 
153 4454 
2963 2704 
3551 4214 
2267 609 
2481 295 
4715 3247 
2640 661 
2785 253 
2811 4711 
2370 2370 
1247 917 
2416 4713 
1108 2468 
153 2468 
77 3455 
2704 3095 
4186 2468 
74 917 
4281 2811 
2640 273 
2481 1759 
2640 204 
2640 220 
3540 1343 
4297 78 
4451 3881 
2633 1759 
2713 3095 
4643 2867 
4716 3006 
1509 4717 
4263 3997 
2416 4160 
2637 2468 
4059 4718 
706 1257 
706 2764 
442 1343 
1781 2468 
2481 1818 
1259 4718 
4719 1343 
2640 949 
3074 3455 
2234 3093 
2411 2211 
3095 4010 
759 727 
3627 727 
3411 1343 
2029 4568 
4042 4010 
4720 571 
4297 4568 
156 727 
3881 2319 
1611 2319 
4163 1749 
3610 2211 
4721 31 
2785 917 
4714 2856 
3320 968 
281 4010 
850 3328 
2633 1640 
47 4505 
2633 4505 
287 4505 
2868 4505 
138 4505 
4620 4010 
2090 4722 
368 4723 
253 253 
4297 667 
4724 1129 
995 4725 
4726 887 
4727 4219 
3770 4010 
