1257 1257 
1489 140 
1688 278 
1368 1551 
60 1907 
34 78 
84 850 
459 445 
1525 91 
153 445 
43 850 
43 1909 
124 445 
238 238 
539 156 
1805 445 
872 78 
1818 1818 
1818 1818 
77 445 
1052 110 
925 1682 
97 445 
1352 850 
3 156 
278 445 
1910 1228 
1542 1173 
1209 1909 
121 1228 
1199 445 
66 1911 
1784 445 
879 1912 
1209 408 
442 1805 
1913 960 
613 43 
1813 43 
27 1682 
1914 298 
905 165 
71 1228 
346 1912 
708 165 
1915 1916 
1598 1916 
77 1916 
1618 608 
1618 7 
368 154 
97 154 
298 7 
1259 1917 
1509 1917 
1143 1918 
1617 1872 
43 43 
1617 491 
1197 1551 
1761 1919 
1920 1919 
188 1872 
