74 1670 
60 1827 
724 1749 
1817 1829 
1830 564 
1617 1760 
1806 1795 
1322 1829 
1593 110 
1812 459 
204 1831 
1768 1831 
77 1831 
1806 1832 
445 1829 
1248 1832 
517 1753 
1718 1831 
1509 1821 
4 1833 
686 1805 
1030 31 
1408 1833 
888 1781 
1784 1832 
1248 850 
346 31 
1834 1835 
995 1706 
1036 1836 
312 1706 
768 31 
453 1801 
4 1392 
850 1170 
453 1170 
850 956 
1691 956 
77 1837 
459 1832 
1352 1706 
429 656 
459 1831 
907 1076 
1197 1832 
8 901 
968 31 
346 298 
1759 60 
278 956 
1364 1832 
278 1836 
153 1170 
995 154 
285 459 
409 569 
368 1123 
