253 253 
850 1627 
3924 77 
1350 2136 
3984 2136 
1503 4441 
2599 6669 
6358 609 
1951 4985 
6334 6993 
1452 6241 
3708 6994 
5492 84 
138 6209 
71 6669 
346 2379 
442 6241 
253 253 
6193 5958 
1134 1502 
3798 1 
2983 2983 
850 6995 
1050 5116 
6987 3463 
2640 6241 
6982 6241 
112 6241 
6987 5723 
43 6241 
1 1 
405 6241 
6474 2845 
3954 6241 
5771 6241 
1259 6989 
3095 3523 
6549 6209 
3425 2629 
2714 6996 
3320 6997 
6334 158 
4769 6998 
6248 6999 
2729 1247 
278 537 
2963 1247 
1379 1829 
312 3523 
134 6718 
1352 1829 
4982 109 
7000 346 
