211 209 
212 213 
186 208 
214 81 
215 81 
57 213 
43 128 
101 169 
216 26 
202 199 
182 217 
65 218 
43 77 
219 33 
55 186 
19 99 
220 27 
77 130 
128 130 
129 121 
29 97 
74 97 
77 221 
4 128 
4 221 
197 213 
77 213 
121 97 
110 128 
121 213 
121 221 
29 221 
70 26 
182 110 
157 221 
81 110 
70 128 
5 128 
199 97 
81 217 
17 128 
222 128 
17 128 
4 128 
194 128 
9 128 
204 90 
97 223 
204 223 
84 90 
90 223 
110 223 
158 223 
224 29 
84 225 
29 166 
4 223 
4 142 
226 128 
223 186 
227 128 
5 75 
65 166 
227 200 
48 221 
228 229 
65 110 
4 65 
199 166 
77 110 
77 223 
230 26 
5 110 
132 110 
65 231 
157 110 
121 223 
157 231 
121 231 
132 65 
135 128 
167 223 
129 86 
204 84 
1 231 
20 84 
132 128 
38 128 
1 128 
232 110 
20 223 
20 75 
20 90 
121 77 
114 77 
65 77 
122 77 
139 146 
75 77 
81 77 
233 231 
233 97 
234 231 
235 34 
140 84 
80 33 
140 128 
236 84 
204 75 
215 84 
32 75 
237 75 
238 128 
239 128 
240 128 
241 128 
242 128 
238 231 
98 243 
238 110 
153 244 
153 128 
142 110 
197 128 
245 196 
204 246 
44 77 
171 4 
134 217 
247 84 
248 128 
249 84 
250 128 
134 4 
146 242 
168 251 
252 128 
93 77 
203 84 
