8 450 
431 26 
194 375 
140 375 
331 347 
441 26 
3 347 
26 140 
244 26 
26 375 
448 421 
37 37 
129 184 
47 30 
304 3 
278 453 
34 34 
454 421 
37 26 
455 421 
204 26 
204 26 
287 456 
248 77 
248 457 
245 204 
454 194 
354 128 
94 457 
389 26 
1 421 
94 457 
94 457 
97 457 
70 128 
453 453 
388 26 
97 77 
129 77 
337 204 
77 248 
57 248 
65 248 
3 3 
38 3 
38 3 
38 3 
337 26 
38 3 
77 3 
458 248 
256 3 
459 167 
98 129 
3 34 
86 3 
3 34 
110 3 
459 30 
3 3 
460 3 
461 7 
4 65 
62 65 
20 128 
318 34 
462 7 
44 26 
114 77 
114 77 
44 248 
140 94 
110 248 
463 3 
43 8 
43 273 
204 129 
43 129 
154 3 
209 3 
464 60 
245 65 
130 140 
465 466 
460 9 
27 34 
204 238 
84 154 
77 467 
84 26 
98 238 
436 278 
280 34 
468 468 
1 3 
166 435 
469 178 
1 3 
368 77 
283 238 
167 233 
256 3 
365 154 
256 470 
256 3 
459 470 
256 3 
134 470 
43 273 
365 248 
256 3 
471 77 
121 154 
