1350 11911 
465 9597 
4072 3451 
11921 11922 
442 11911 
11916 3451 
7804 2892 
575 901 
9069 6168 
6126 1190 
872 872 
1248 9639 
6987 11911 
4769 11600 
158 10867 
8660 10782 
4397 10782 
10853 6053 
7804 1099 
995 11749 
7804 11749 
3086 818 
3086 10782 
44 11749 
877 11923 
11688 6168 
8670 10456 
850 11924 
1682 1049 
1850 10456 
3540 11925 
850 7447 
5518 11926 
6551 11907 
11927 11927 
1499 6010 
1761 11787 
4271 138 
1355 10740 
1389 6078 
4631 11928 
11929 2344 
2481 11450 
11930 11920 
