609 1173 
877 1203 
194 1173 
121 569 
204 140 
121 569 
368 187 
121 121 
182 26 
27 1170 
1121 1170 
74 121 
1279 641 
204 26 
1 26 
146 187 
402 26 
193 616 
726 616 
445 1050 
182 1050 
1270 77 
182 1050 
194 1278 
808 26 
1209 77 
110 1050 
402 1050 
459 1280 
77 1281 
327 1280 
77 1170 
146 1281 
1273 1281 
138 77 
1282 1283 
308 641 
672 187 
768 204 
402 1281 
1234 134 
453 1282 
565 1281 
110 347 
1248 1275 
1284 459 
97 1280 
27 204 
388 121 
609 347 
1180 1247 
138 1247 
1157 204 
193 204 
453 1273 
850 347 
