10810 11879 
3765 10692 
12299 12853 
1355 11879 
12151 2704 
8819 4918 
1844 4902 
12518 12850 
11038 11178 
4692 4918 
8660 5127 
138 12843 
1760 1099 
12854 3095 
12855 3720 
8098 11688 
6334 1638 
1803 12856 
3781 11104 
1099 12843 
458 11817 
5279 11817 
37 11817 
11559 11559 
11622 403 
1995 11817 
1234 4873 
138 12857 
10762 11879 
1036 3752 
5092 2407 
12831 12858 
1352 11104 
1234 4104 
2892 12859 
4952 12860 
2388 1170 
6721 726 
8958 12841 
11038 8515 
8098 8515 
4972 1762 
10659 8515 
12861 12862 
1352 4579 
11469 8515 
12863 1853 
1352 11195 
12157 8515 
6425 8515 
12864 3607 
