1355 10829 
575 1224 
1247 14718 
1247 17894 
1247 17562 
13918 5375 
4633 17782 
1321 9507 
4719 9507 
8458 726 
1247 2097 
1247 14984 
10659 17860 
530 5282 
17390 17892 
17294 2175 
616 5375 
16333 17895 
1962 530 
15925 4246 
1108 17895 
2704 17896 
2061 17897 
17898 13203 
16599 5630 
12194 2175 
14818 5375 
1099 1247 
17899 14782 
77 5375 
2061 17900 
4261 1197 
16266 17901 
11038 17884 
3479 17902 
18 14984 
1738 17903 
6367 17773 
3126 410 
12171 17904 
4902 17905 
12171 13917 
410 410 
1890 17901 
17906 17907 
1256 14984 
13695 17886 
8 5116 
17908 17774 
10194 10194 
5972 17909 
