4902 3852 
43 3852 
1992 2704 
4005 2704 
4005 5353 
5539 668 
312 5353 
4263 4478 
153 4551 
708 5482 
473 4888 
4005 3308 
599 599 
599 599 
599 599 
599 599 
599 599 
4914 5540 
4220 599 
3247 4888 
599 599 
2704 599 
599 599 
4263 4478 
2541 599 
599 599 
2351 1163 
1738 704 
599 599 
4005 704 
4446 599 
2963 1589 
599 599 
4470 4551 
2136 5481 
2893 4551 
4631 5451 
491 599 
3126 599 
15 1005 
5541 1957 
679 1836 
3247 5542 
2481 4551 
204 599 
15 4795 
3051 599 
3330 4902 
3095 2541 
2580 74 
3924 599 
1601 309 
5324 5543 
4972 4902 
5544 2256 
5491 20 
5545 599 
5520 4845 
5544 2429 
5546 5547 
1714 211 
4741 5547 
5520 5548 
4631 5436 
856 5436 
1369 599 
2542 599 
2486 278 
199 98 
116 4962 
138 77 
3798 5549 
572 5436 
5550 15 
5551 5305 
2187 211 
15 4753 
4769 211 
453 883 
4914 5552 
138 4795 
5481 1767 
