1350 84 
5518 1580 
1030 4405 
1667 1580 
4397 3684 
5452 1980 
5277 1580 
2681 118 
1962 2136 
3159 118 
5917 1580 
5918 5883 
5919 2211 
1108 2199 
1138 2136 
3846 5293 
5721 5721 
1760 101 
1614 3765 
5716 3863 
346 5916 
3295 5359 
3291 4048 
750 101 
1704 3684 
2092 101 
405 4958 
850 914 
4735 5920 
5356 4958 
4032 5920 
850 5921 
4779 4497 
4735 3285 
726 4163 
188 808 
5902 3034 
1611 5922 
613 5910 
1400 4958 
1995 4048 
5717 4958 
2215 4048 
4631 4048 
3411 5359 
5923 1404 
1760 1050 
4072 914 
2474 4918 
1611 5924 
5896 914 
5518 3086 
3895 1361 
2704 4363 
4643 278 
3825 5591 
1890 2179 
4363 5925 
850 5926 
1489 1234 
5927 1050 
5518 5925 
2764 278 
2474 656 
2858 3086 
