850 8093 
182 8094 
6166 8093 
2599 834 
6599 8095 
1648 1190 
4297 8096 
2714 7941 
872 1350 
1270 3398 
8095 7542 
4497 894 
7697 3881 
616 5375 
1248 8093 
3320 1458 
3320 644 
5180 4221 
5185 8097 
2843 1458 
8098 487 
727 1350 
5375 4497 
95 1350 
3226 530 
6510 8099 
8038 7957 
8100 110 
98 8101 
123 1458 
382 656 
3906 8102 
2216 3881 
8078 8103 
2738 7496 
2619 7496 
2879 726 
7083 7504 
1632 5006 
3627 158 
5518 8093 
34 6306 
138 6306 
8078 2089 
20 759 
2643 421 
1951 8104 
6577 57 
153 1452 
892 47 
6359 8105 
42 8106 
