5380 3394 
2758 187 
8647 3536 
77 2543 
1050 2543 
9066 2543 
9947 9410 
2758 2843 
2551 9948 
2758 3825 
9878 9878 
1890 9949 
5415 2843 
188 4633 
4902 9950 
3095 4633 
5282 187 
9797 9949 
901 9937 
312 2356 
724 8660 
2446 759 
3104 9951 
6530 759 
2077 26 
2122 9952 
9715 9292 
575 4682 
1611 8667 
1291 9431 
2053 1652 
572 2077 
1797 1652 
5093 9948 
3034 9732 
572 5605 
3540 7407 
4059 4643 
9953 599 
9479 835 
94 9954 
5612 9732 
7642 9954 
850 9955 
2704 9954 
465 9292 
9950 9956 
4593 9957 
4593 5605 
465 9948 
2704 9958 
1890 4643 
8676 9958 
1851 3283 
986 599 
7407 3540 
