4896 6085 
12958 1805 
4104 3024 
1355 3024 
156 10627 
7078 4553 
11038 2216 
11623 12437 
6721 10216 
1664 8014 
6334 12959 
9797 3024 
770 8922 
8922 8922 
156 2073 
11884 10144 
3540 7804 
877 10011 
12960 5411 
11688 12961 
4010 9692 
1995 12962 
2957 12963 
5279 10782 
4407 12959 
6599 12964 
11573 4814 
12965 537 
2215 9044 
2594 4214 
11573 3954 
12966 10867 
11038 10867 
7885 7364 
10194 12967 
3320 12968 
12969 6480 
7202 537 
2481 12970 
1985 12971 
9923 2824 
12036 12967 
1352 12967 
12637 12968 
4633 5376 
10194 4741 
4072 12972 
12973 537 
6721 12974 
11573 1177 
2704 12975 
2675 12976 
