11390 480 
9295 13287 
7309 12218 
11127 13478 
13479 13478 
6721 13478 
4643 256 
2704 13480 
13481 2136 
8633 785 
13458 9018 
6334 256 
1499 2551 
9238 1046 
4261 13464 
4261 13021 
4856 11050 
5185 2551 
13482 13483 
43 10710 
2548 8667 
2351 10627 
7829 8448 
12194 8886 
1352 3173 
4011 12194 
1890 13363 
12756 3173 
3607 13484 
10710 11820 
4011 13485 
9066 6178 
1717 13486 
1108 12290 
2481 1535 
11038 4481 
11038 4481 
1352 13487 
11038 3034 
10401 1190 
9846 13034 
13488 9946 
2287 12194 
6721 1190 
616 8922 
8431 11820 
13489 9843 
13388 57 
13320 57 
4011 57 
13489 12887 
153 12290 
2758 12194 
11127 13490 
13303 57 
1400 57 
7804 7510 
13491 13492 
138 12194 
4297 13493 
10401 453 
4297 204 
7804 10697 
43 2287 
