564 3714 
194 60 
3600 724 
3838 3830 
947 3107 
1400 724 
599 724 
708 3441 
708 3441 
1228 3107 
256 60 
708 1963 
613 1963 
3364 3749 
925 3839 
3364 204 
257 881 
3840 881 
3364 3741 
3578 1902 
925 3841 
997 3749 
881 877 
445 3842 
3843 3839 
3844 3842 
2681 2681 
1135 1902 
3627 3749 
1790 3845 
3733 722 
3846 204 
3847 3364 
3554 881 
3848 98 
193 2659 
346 2370 
3846 2721 
327 2526 
3849 1 
3846 539 
1851 1291 
3849 3194 
2305 1 
872 1291 
1890 1099 
2248 903 
1601 849 
2248 4 
3850 571 
1343 3587 
