111 13453 
3052 13452 
9747 13454 
11688 609 
11688 609 
4643 256 
1499 12720 
4190 10828 
9470 13413 
111 6795 
11845 13455 
7804 13455 
7708 13320 
2351 13296 
11845 13358 
10401 4214 
3093 3553 
43 10401 
4011 2454 
11938 7397 
12194 2454 
11845 468 
11845 4675 
3607 1115 
850 1115 
10576 8544 
7804 3052 
1248 1582 
13413 13413 
447 6796 
6721 468 
537 609 
12290 7780 
8316 9886 
13388 13456 
11279 12933 
4643 13456 
11845 13456 
835 13456 
13388 2339 
3881 468 
4952 8376 
3540 13456 
1532 9479 
8415 13457 
3320 10627 
11202 13456 
4593 13456 
13458 1943 
8454 9479 
1532 13456 
1248 1115 
8415 13459 
