1947 945 
2392 1408 
1851 834 
121 253 
2393 2391 
1400 1541 
38 1541 
146 1959 
2185 2391 
431 1541 
1343 2394 
2394 2195 
2395 1853 
1805 2382 
907 1939 
1790 1939 
157 34 
532 406 
1248 2394 
121 34 
1761 2268 
1461 2268 
234 408 
709 253 
2319 408 
1400 2195 
819 1541 
459 2383 
1784 2251 
77 104 
204 2383 
1761 1761 
2396 27 
995 2383 
136 104 
504 408 
850 1691 
1248 1691 
850 2382 
1248 2382 
2397 2383 
945 1029 
575 707 
2053 194 
569 698 
1634 2383 
2255 2195 
708 945 
327 34 
2032 945 
294 945 
2136 485 
123 945 
1780 485 
278 2388 
1050 569 
171 834 
2245 2382 
1947 2319 
679 194 
20 945 
400 945 
1154 1241 
1761 2032 
2215 1247 
171 2136 
2398 1247 
171 1853 
95 104 
1696 945 
1768 34 
95 708 
2399 27 
2400 708 
2373 708 
2401 2136 
77 2032 
389 1371 
2021 960 
1762 2402 
1797 2402 
698 1805 
2021 1638 
