8634 9602 
4795 9602 
6358 9602 
2092 10031 
3881 9602 
3247 9602 
8819 9602 
8948 5291 
4497 7996 
5972 9479 
2638 1818 
10397 1339 
2092 2092 
1894 2984 
2704 9602 
9402 234 
6669 234 
8660 7751 
7028 9602 
9764 4049 
2599 97 
572 10398 
285 10399 
1050 3881 
546 3881 
1352 4633 
2704 4795 
1138 5291 
8979 4872 
4810 8942 
10134 1271 
96 4795 
3881 1271 
109 1173 
3324 5541 
1751 10127 
1751 3636 
111 10400 
153 78 
5518 3881 
546 3881 
2083 8449 
3881 10302 
4251 2114 
111 10401 
1108 10402 
7804 10403 
2481 10404 
7804 9472 
2714 10405 
