12945 4104 
2206 1582 
7804 1582 
6443 6443 
2892 12971 
11688 11688 
1951 8948 
1194 1572 
10762 2351 
2714 10829 
12671 2824 
2215 3518 
850 12984 
4952 12985 
2411 12985 
138 11688 
12986 12985 
5279 7791 
12987 6933 
2714 12988 
86 6443 
12989 11688 
8141 4793 
4972 8621 
1352 537 
4104 12990 
4972 7791 
2187 6813 
77 11688 
3607 3571 
3540 537 
7804 4104 
202 12991 
12992 89 
4297 12993 
7878 12994 
12791 11946 
2275 3281 
12994 12994 
11573 1805 
4407 12597 
8660 12488 
11573 4743 
12995 12996 
11573 12996 
12997 5658 
11573 10473 
11573 9041 
10659 12993 
12316 12996 
2704 12998 
7710 4087 
8200 11427 
2029 1828 
1194 11381 
11038 12999 
3928 2299 
12791 696 
4593 12990 
2681 8774 
607 13000 
8676 12993 
6728 10478 
4011 8774 
6728 10881 
10842 4238 
