8276 8226 
13695 12079 
11038 4186 
7780 4186 
2853 2704 
11038 1606 
9470 10782 
109 10277 
1890 8841 
5491 10033 
850 3230 
10447 7572 
850 13320 
2083 14217 
5640 14218 
4924 3230 
7407 84 
439 9628 
109 7079 
9906 11817 
109 13921 
1738 7747 
5697 5376 
778 109 
12011 140 
9639 10739 
111 14219 
14220 14221 
4104 14000 
13948 7407 
5459 7407 
2758 7407 
6286 14055 
8098 7407 
6721 13066 
8660 14222 
8660 13857 
12791 6380 
6174 3928 
8660 14223 
3320 9701 
6193 13066 
6987 7407 
4732 14224 
10447 9701 
14037 11914 
14088 14225 
14165 13822 
8058 14088 
6367 8948 
6599 11914 
