2714 332 
1721 458 
7073 6359 
111 134 
2351 834 
7333 7214 
5518 7262 
1803 4668 
7334 6365 
86 2179 
2077 134 
2856 7330 
2856 6365 
7335 6981 
1343 3186 
7335 347 
6126 4951 
1050 4363 
6751 2704 
7333 7070 
759 6365 
1925 6365 
7259 4049 
5492 3036 
6193 2554 
6987 7279 
7336 7247 
111 7337 
4902 1582 
7238 921 
7274 6443 
3291 6443 
7338 3928 
2215 13 
7266 1582 
644 199 
1611 2704 
2711 3607 
1248 3607 
6334 4059 
5180 7339 
7214 7214 
199 199 
7340 7339 
7341 7339 
5518 278 
2785 7339 
892 7317 
6193 3283 
3009 7024 
2957 278 
278 7339 
7342 6365 
7279 7279 
4692 921 
