43 1870 
43 34 
850 1242 
1727 1753 
1704 368 
1322 1195 
793 346 
1352 1873 
870 1833 
1352 870 
81 1874 
1379 1873 
77 1874 
1845 1584 
1352 1874 
850 1134 
1875 459 
1496 1761 
1542 1134 
1542 1876 
1777 34 
453 1124 
1877 1878 
1282 839 
98 1770 
121 1770 
872 1876 
95 1134 
110 420 
1727 4 
368 704 
506 569 
1638 27 
285 27 
8 1879 
1400 1879 
1638 1744 
1880 1134 
1618 1134 
850 1881 
121 89 
80 870 
575 726 
1882 420 
1618 78 
1727 1839 
459 870 
609 221 
463 1883 
616 221 
38 221 
609 1749 
506 409 
1834 221 
385 1883 
1784 1749 
412 1884 
901 221 
1318 1134 
1338 1885 
856 1839 
1670 1352 
1522 1879 
98 1737 
687 1761 
312 221 
726 1721 
1727 406 
870 1886 
1768 1853 
