98 834 
8 44 
388 109 
835 665 
20 43 
188 43 
188 428 
44 8 
27 8 
26 575 
44 65 
15 575 
44 575 
821 20 
20 575 
135 98 
505 278 
304 240 
26 488 
57 304 
129 488 
822 26 
728 240 
43 836 
157 110 
43 837 
442 20 
47 488 
159 808 
539 20 
724 820 
500 783 
182 783 
539 488 
44 404 
539 404 
150 837 
158 404 
708 613 
726 724 
95 724 
838 26 
134 8 
44 97 
15 97 
43 97 
43 8 
44 26 
44 400 
182 839 
287 839 
840 807 
840 807 
287 20 
34 75 
62 818 
123 167 
539 167 
47 167 
140 167 
841 757 
197 842 
197 842 
524 843 
728 747 
785 818 
293 842 
757 406 
153 453 
43 818 
687 747 
153 633 
442 842 
27 400 
146 43 
456 633 
442 783 
800 585 
435 718 
332 842 
81 57 
27 428 
81 585 
81 524 
43 428 
