6241 6241 
20822 19960 
1350 17448 
20483 6813 
13934 19183 
20875 20876 
20584 20877 
20584 20878 
16773 16768 
3159 12496 
3607 20879 
13046 16039 
20880 18935 
2297 837 
1682 2136 
8667 8667 
4952 6519 
5180 20881 
8667 8667 
84 4163 
74 10102 
20882 15964 
77 18284 
1809 20877 
77 17984 
6246 17984 
20739 5387 
20584 17331 
20557 20754 
8735 20883 
5612 74 
613 20754 
20884 20884 
10236 17291 
16773 5493 
16346 20885 
5493 10597 
3553 17984 
4163 20850 
9923 14814 
20886 14128 
11038 20887 
20888 14979 
20822 10116 
