3840 4510 
4871 1589 
2827 2136 
3411 4687 
4123 3230 
194 3230 
2640 3230 
4347 284 
1005 917 
4872 4873 
4577 3230 
1962 3230 
2429 2437 
3320 4874 
4297 4874 
4072 4849 
2021 4875 
4643 4875 
2633 3734 
539 2629 
2215 3394 
2215 13 
4643 991 
138 3489 
4643 3489 
850 3489 
98 3627 
1714 3230 
193 2136 
74 74 
1761 991 
4876 3230 
31 4856 
1310 3230 
1234 136 
3411 997 
74 917 
156 253 
4877 60 
2711 3540 
4692 3749 
4692 76 
4692 4580 
1237 4849 
2608 3489 
1522 136 
2633 4856 
4878 4856 
109 726 
4769 883 
1574 1835 
4879 2704 
4878 3977 
4510 4880 
2764 4668 
3261 4881 
2416 4119 
