3324 3292 
2392 43 
1135 3300 
2411 2743 
2893 3318 
3320 491 
2185 2864 
575 2633 
2216 2704 
1141 968 
1343 43 
134 1939 
2893 2633 
1851 968 
2359 537 
34 653 
3247 2704 
2704 3325 
3074 2864 
2256 34 
157 2963 
2392 903 
188 34 
3312 3326 
3327 1567 
2632 3300 
1927 1224 
1408 43 
77 278 
3247 2704 
811 1190 
3247 2660 
2576 3328 
3247 1790 
2021 2576 
3231 77 
2871 2343 
335 968 
2446 3328 
98 2576 
1611 3285 
3316 1247 
3075 233 
2763 1760 
3316 3329 
3330 62 
2725 2960 
2215 1760 
3331 905 
1890 653 
2976 2576 
2548 2576 
