404 459 
1586 1586 
1587 1551 
1197 1551 
453 177 
726 1588 
1499 1280 
1377 569 
1259 1280 
785 1588 
1589 26 
1259 1590 
43 644 
690 453 
43 298 
136 1591 
726 81 
77 34 
153 1582 
453 81 
1288 1592 
1215 1288 
1400 76 
1593 1591 
497 1288 
77 1410 
459 1288 
834 298 
27 1592 
123 298 
193 1590 
193 1288 
193 298 
193 1594 
1262 453 
1528 31 
1489 1095 
445 1406 
1352 883 
44 1582 
1499 31 
877 453 
504 453 
504 453 
575 1577 
1352 31 
57 1580 
1248 850 
27 298 
1595 34 
575 193 
1030 1525 
1325 1351 
900 1596 
1352 167 
459 167 
1522 1489 
1597 177 
238 1228 
327 193 
995 1489 
1598 850 
