1761 2030 
224 2094 
726 2111 
1805 2112 
121 1139 
158 1208 
1108 1208 
1408 656 
445 2108 
575 75 
188 522 
194 1442 
1790 1442 
2113 850 
77 1442 
294 1442 
2029 1139 
400 34 
569 34 
2114 1431 
61 1442 
569 38 
34 34 
1768 38 
1611 1758 
2072 1013 
1379 1758 
1638 1224 
2021 1224 
2115 1911 
2053 609 
509 442 
1760 1370 
1738 609 
726 2095 
726 1139 
95 1139 
2053 2095 
2116 1911 
312 2095 
1749 2095 
1670 1139 
98 522 
1378 1139 
1619 1139 
372 1139 
1851 1139 
409 569 
2117 1055 
770 2118 
43 1911 
726 1749 
586 2119 
135 1355 
1015 1015 
2098 646 
459 1355 
1197 1015 
2071 1015 
153 1749 
877 1015 
522 1015 
900 1015 
1522 1015 
1355 1355 
1400 1139 
1099 1015 
44 2120 
1355 1355 
1841 2062 
1542 1015 
1768 1370 
1784 2121 
77 1139 
1960 1015 
1784 466 
1727 1522 
2122 2120 
