2763 3283 
9479 722 
1963 722 
81 599 
4643 9920 
400 722 
293 9920 
9771 465 
9921 992 
819 992 
819 992 
5471 992 
6174 6425 
9771 992 
9922 3008 
1119 9882 
7804 9882 
609 3008 
5471 465 
2481 8634 
1452 1050 
4497 8095 
9764 9923 
95 8667 
2704 8667 
7642 2612 
575 8667 
9764 9923 
8819 9919 
66 1280 
4072 722 
7804 9402 
5185 9880 
7804 26 
1604 9504 
1361 5971 
4059 5971 
8246 722 
9715 5971 
4497 9358 
1247 9393 
1939 3295 
5087 9923 
6248 2612 
7078 9635 
4593 7119 
2856 722 
1050 656 
1691 6286 
6193 7119 
2215 5127 
15 4027 
