1513 4058 
86 3977 
7570 5003 
3291 1560 
4902 4363 
43 3977 
1522 726 
1995 1560 
3793 3793 
3793 3793 
7571 7572 
7206 726 
5402 1714 
131 7542 
5677 7542 
2022 1714 
131 7573 
7274 5935 
7407 4363 
837 3977 
567 7161 
7574 7575 
74 759 
7576 7359 
7483 7465 
7577 537 
171 7578 
3239 293 
96 1050 
96 7542 
7545 7545 
5612 7542 
4902 7542 
5836 7087 
7390 7542 
7579 7575 
1676 1291 
6126 7580 
2884 7581 
5612 2254 
1099 2254 
2884 6577 
8 7582 
6599 1468 
2717 4856 
1379 1468 
1108 7583 
4269 7542 
4859 2254 
1513 7582 
1951 7584 
