613 18757 
11038 4668 
2351 11309 
1194 759 
8454 2963 
4952 370 
17294 370 
793 2963 
18551 18758 
77 16213 
12157 370 
18689 18759 
18604 18604 
1352 370 
18760 7439 
770 18601 
708 18757 
2136 5309 
10659 370 
3592 16213 
5185 16213 
11016 16195 
12194 12168 
526 13915 
7407 13915 
7407 18548 
18761 3021 
9461 17349 
18029 15322 
14476 6796 
2534 17257 
5087 18739 
10521 370 
109 17995 
8431 15943 
5958 16773 
6126 15322 
609 18762 
1138 18762 
3117 14012 
1495 18763 
3117 14012 
12171 517 
10668 1578 
43 837 
18465 1857 
