346 346 
8 571 
613 966 
1050 336 
121 157 
1064 91 
74 48 
1065 1066 
98 288 
34 485 
236 724 
15 1067 
81 1067 
287 1068 
44 1068 
43 1066 
925 1015 
14 1015 
368 1069 
850 956 
312 724 
850 1070 
656 656 
586 135 
158 991 
504 204 
368 204 
96 204 
961 681 
15 204 
15 724 
44 204 
204 1071 
856 220 
43 204 
822 204 
193 204 
15 811 
616 124 
27 204 
162 204 
187 728 
575 724 
131 124 
80 211 
65 499 
1050 1072 
61 499 
288 288 
187 1073 
667 1071 
20 48 
725 517 
564 20 
569 1074 
1047 1073 
153 20 
173 1074 
365 1074 
569 1015 
925 1015 
785 1015 
1002 1074 
807 1074 
726 909 
