8819 21032 
1350 901 
1350 901 
111 21034 
14618 21034 
793 6246 
17500 15322 
20483 901 
11573 21024 
4902 21035 
17026 10283 
19914 19914 
9238 15031 
4896 901 
21036 901 
19265 5905 
14584 15031 
18850 901 
18676 9277 
2165 901 
16333 21035 
10561 901 
9430 1791 
9507 21037 
8454 9277 
20324 5387 
20739 5387 
6964 21009 
15322 7031 
7387 21035 
20671 4458 
16555 901 
2535 12194 
6126 9628 
138 901 
11573 21038 
17975 19952 
16179 12884 
5185 5605 
850 21026 
111 21039 
4952 1912 
3320 5605 
10537 4458 
17262 5605 
2255 4458 
