4924 12027 
109 109 
2535 13277 
3295 18750 
3295 19162 
6932 4924 
1890 4677 
19171 4924 
10659 13066 
19212 19213 
77 877 
2481 13066 
5180 6885 
13692 13066 
3285 3285 
6932 13066 
19214 18950 
17331 13066 
1377 6885 
679 13066 
19044 14088 
138 13066 
138 1957 
3696 13066 
18572 19215 
3540 6885 
4643 2780 
16346 4544 
2319 19216 
9391 4924 
13543 13543 
5459 18089 
5518 19216 
19044 19044 
3945 14709 
11197 18882 
14474 1780 
2534 2534 
1108 2714 
4381 18919 
19198 2714 
19217 11777 
18128 18128 
