5883 837 
11716 8754 
995 11717 
2215 5731 
11309 11704 
2136 5883 
1995 4065 
4011 4962 
10659 5883 
6241 3529 
2289 6359 
10659 11275 
1890 6359 
724 10128 
2210 11718 
2714 11275 
29 11686 
7885 11667 
7407 3540 
3270 1170 
3270 11511 
850 11719 
4281 11711 
4934 11686 
4902 1170 
5972 3080 
4735 6987 
879 11720 
445 11721 
11722 1264 
6510 11723 
5623 11275 
2714 11275 
11038 879 
3627 4119 
2704 3080 
10189 11724 
2892 4497 
4593 11725 
465 759 
2714 11726 
9479 5093 
9510 11275 
11197 10398 
4076 6239 
5731 5731 
111 6831 
11192 11725 
1890 11725 
