2763 4962 
1521 4982 
6193 5958 
4859 140 
44 140 
726 1129 
726 57 
539 1518 
539 2621 
4297 749 
2599 5381 
6510 6965 
6965 6965 
134 42 
4072 6974 
6645 5161 
6975 2541 
4755 2599 
2087 6976 
1768 97 
1521 77 
1521 281 
1236 6839 
5279 77 
5497 6977 
6899 6977 
3320 749 
537 6974 
44 6978 
2827 3577 
409 4065 
2287 42 
171 1939 
245 4530 
526 1198 
171 2158 
1985 1643 
2963 3577 
6193 1643 
2215 2158 
3005 1643 
3528 5087 
6854 6056 
2090 5136 
1099 1791 
4297 6241 
5279 6241 
6974 537 
6241 5279 
3117 1791 
945 6241 
1963 1791 
4902 6979 
4297 6443 
616 4985 
6980 251 
236 6826 
5518 6313 
4568 6056 
6826 6826 
