1050 3881 
4859 3881 
1545 9371 
7900 6034 
4719 5988 
9914 9842 
4163 3881 
3095 6034 
43 605 
4633 8506 
4751 2681 
9097 9915 
4643 4729 
4011 2704 
4829 3881 
9238 9070 
9916 2704 
9479 771 
2608 9410 
73 9782 
73 9719 
73 7829 
877 771 
9602 5941 
1589 1589 
9319 199 
7804 3295 
9319 1234 
202 9319 
1050 2704 
8634 9319 
5279 1589 
9764 9802 
3847 448 
4643 3087 
5612 199 
4769 9623 
3627 2856 
902 7578 
6623 4446 
3247 3087 
3247 3087 
7078 9917 
4163 2923 
43 9918 
4643 9880 
9292 9919 
199 9880 
1556 9880 
4643 9880 
2122 9880 
517 4446 
2675 9920 
1452 8142 
8660 9849 
