5279 6772 
1352 446 
138 408 
1768 1247 
43 1247 
6492 6771 
2029 6577 
6773 408 
2934 1029 
4769 408 
2905 408 
2486 2541 
2905 6772 
4297 1029 
5520 6737 
3984 1247 
759 6177 
834 6774 
97 1247 
98 6669 
2958 6177 
3643 408 
616 901 
2351 1029 
834 6669 
44 1247 
2557 408 
2714 6764 
3540 6775 
5452 5825 
6365 6776 
6777 5163 
171 6152 
20 5825 
408 2673 
3881 408 
1784 901 
6422 1381 
6499 4532 
5518 1170 
1521 6177 
6359 5825 
3415 6778 
77 6218 
3051 6218 
3034 6218 
211 1884 
475 6218 
2263 3308 
188 1247 
4769 6779 
256 408 
138 3881 
3548 6541 
6780 839 
491 6177 
4682 6034 
