4952 19618 
19356 19976 
10646 7095 
17294 19977 
8937 8937 
9715 8937 
15732 19375 
10659 16183 
2289 19770 
19601 31 
9510 19964 
5185 16183 
1890 10424 
19978 19979 
158 10561 
6813 6813 
7804 14695 
7804 3807 
19935 15073 
19980 10085 
4924 10951 
7804 19981 
12791 12791 
1050 19982 
11358 12461 
5724 12461 
638 19983 
9715 19931 
29 19984 
4692 6813 
8178 19977 
11038 19985 
6126 19986 
850 19987 
11845 7095 
4952 11531 
4952 19988 
19428 9736 
19324 19989 
6378 77 
1099 77 
6126 6389 
14063 14063 
6193 19988 
3285 77 
15346 19990 
