2868 1589 
1247 2425 
1288 656 
3120 2425 
2729 3498 
3316 3498 
1053 3498 
2411 2729 
3088 3498 
2681 3498 
2425 2425 
2982 1288 
3422 2678 
368 3358 
3222 1497 
3493 2678 
43 2425 
2976 3498 
1773 3358 
3493 3493 
3499 2541 
2976 2215 
43 3358 
1773 834 
288 3358 
3364 501 
283 2678 
1773 3051 
1773 659 
1738 3493 
1773 2299 
3457 3495 
2982 3500 
15 3501 
2098 1228 
2481 2063 
2481 3489 
2681 2267 
1714 75 
1714 94 
2714 3502 
3093 2541 
3503 2541 
15 3504 
2982 2541 
3425 1847 
1134 3505 
278 2281 
159 1046 
3170 3485 
850 2541 
1890 3506 
2214 3507 
3084 2541 
43 3508 
835 1192 
234 234 
835 3502 
2638 3496 
1197 1847 
3369 3504 
835 3399 
2214 43 
368 778 
3509 1522 
1691 2541 
2481 3510 
365 3511 
43 465 
2963 2852 
3247 1525 
459 2267 
