256 4890 
8156 10302 
1350 4795 
89 8461 
9602 8965 
10303 10255 
3003 10304 
526 8965 
877 4795 
7843 6070 
2543 8156 
6987 4795 
7078 4190 
8515 4795 
8735 2211 
1352 10304 
2481 10302 
57 8965 
15 687 
567 8052 
1761 8965 
5365 4795 
1761 10304 
6964 8828 
5972 2454 
630 4795 
7078 4795 
630 4795 
572 580 
572 9081 
8660 4397 
10185 5182 
4795 4795 
8948 8965 
4611 4795 
630 9954 
5126 7843 
4407 1669 
850 7780 
10305 408 
7407 895 
2983 4795 
2388 4795 
7885 10137 
3095 1669 
153 7780 
4363 6712 
4633 4027 
2868 4027 
4011 1285 
850 10297 
1352 7514 
4692 7514 
5298 10301 
2481 10302 
6987 4073 
8296 9158 
2481 7780 
