850 1818 
4005 3765 
138 4876 
2638 5305 
3034 1190 
562 5305 
3034 5305 
4902 5305 
1850 5305 
3553 1434 
3553 34 
4949 5305 
4902 1744 
2090 5136 
3335 2017 
188 1247 
4692 3563 
4297 2429 
1611 5305 
4643 1247 
138 522 
5180 1643 
4779 522 
4297 692 
34 1247 
1851 692 
3553 416 
3095 3563 
193 2429 
3798 692 
188 692 
204 1643 
5360 1636 
5402 968 
4643 1582 
5402 1643 
3935 5249 
1321 4876 
47 692 
4877 5144 
5084 1761 
3093 950 
1867 1247 
5344 950 
3804 950 
2542 950 
3540 4902 
1099 950 
76 950 
57 950 
5365 450 
4397 950 
1234 950 
57 950 
4470 2711 
278 950 
4355 950 
5360 5249 
968 995 
