724 13285 
10033 4743 
1099 894 
1951 13285 
6358 13266 
727 97 
5518 4497 
9510 13286 
9295 13287 
11127 13288 
13289 894 
2090 10019 
3781 894 
6551 13290 
4221 13290 
8819 5701 
10411 13277 
13291 1050 
8660 3953 
4847 894 
8819 5701 
13292 13285 
1350 894 
157 837 
877 13293 
1050 13255 
13294 13294 
2275 13295 
10644 943 
1611 5636 
4593 10530 
1352 10019 
7509 9477 
9846 5636 
10019 10019 
5180 5493 
9778 9277 
6721 2594 
4631 13296 
10627 943 
1890 837 
13066 2950 
285 13297 
2758 101 
1927 13173 
616 13173 
8454 6623 
653 11329 
8200 11329 
10865 2893 
