238 48 
27 48 
995 48 
333 48 
972 233 
1047 76 
768 48 
1053 1050 
121 1036 
27 233 
333 903 
1054 304 
543 233 
333 1006 
1055 233 
667 1049 
65 233 
217 1036 
89 187 
27 187 
850 52 
681 135 
459 931 
182 517 
84 1056 
681 135 
966 187 
77 233 
708 966 
681 656 
312 1021 
785 667 
1057 81 
743 38 
199 681 
613 966 
724 724 
278 1051 
656 91 
850 931 
1058 91 
850 1051 
459 91 
429 91 
182 1059 
81 91 
831 91 
8 1060 
65 667 
575 91 
122 91 
453 91 
74 157 
27 667 
26 233 
15 91 
14 233 
8 187 
724 1061 
940 571 
15 77 
44 1021 
850 1062 
15 704 
270 48 
31 485 
822 78 
31 485 
31 485 
91 78 
485 485 
634 485 
1016 485 
485 485 
690 724 
146 1059 
987 681 
1052 187 
453 681 
77 681 
1052 26 
850 187 
896 1059 
569 874 
504 187 
15 1061 
613 187 
44 110 
15 65 
327 65 
412 704 
459 65 
901 901 
187 874 
333 802 
1047 901 
123 901 
829 65 
601 485 
287 485 
1063 874 
687 874 
146 1060 
546 1050 
925 48 
31 485 
270 485 
98 48 
43 571 
346 945 
989 485 
791 724 
690 485 
675 288 
