13898 6306 
77 14011 
6721 14007 
2974 9674 
7898 4902 
256 11108 
5972 12385 
6193 13674 
388 14012 
138 14013 
14014 14010 
13980 13674 
9959 14007 
3086 12404 
295 14015 
850 14016 
850 850 
14017 77 
4902 5356 
9510 14016 
3928 10627 
2351 14018 
8276 8226 
10659 3497 
1985 14019 
48 1247 
1503 1247 
14019 7320 
2785 14003 
14020 14020 
1851 4514 
7710 4514 
13898 14000 
1614 9119 
11038 13857 
43 14021 
224 1248 
5180 5493 
6241 1248 
6241 1248 
6241 1248 
1601 5493 
6241 1248 
10659 76 
4631 14022 
