13776 278 
13843 13844 
6987 13799 
6721 8167 
5623 2187 
13845 12169 
6721 10855 
1521 13844 
6964 10828 
2397 609 
13846 13847 
12597 13196 
9403 6501 
6316 2704 
2481 13066 
1108 7898 
9747 13066 
9865 3532 
877 13066 
877 4458 
1389 8709 
1542 2704 
11938 5375 
13793 7804 
8167 8167 
2061 1582 
10659 2704 
11038 5375 
10659 13066 
10659 13848 
2216 5375 
13826 13826 
2963 13838 
1762 2061 
1995 13849 
7394 5375 
2868 5375 
6241 2061 
8232 7480 
3986 2061 
13837 3497 
5279 778 
6174 459 
2481 13850 
900 13851 
5491 5375 
7885 13852 
138 13066 
1108 13066 
3320 10632 
