562 20 
504 20 
204 20 
204 20 
273 20 
562 720 
199 20 
77 20 
650 98 
505 57 
287 764 
488 764 
507 459 
287 20 
634 20 
312 720 
3 764 
549 20 
765 459 
294 20 
748 20 
77 20 
722 184 
104 741 
748 20 
20 764 
722 184 
722 110 
104 20 
1 20 
43 459 
517 766 
346 20 
722 110 
121 767 
146 766 
390 656 
768 459 
769 20 
43 27 
517 27 
173 27 
770 224 
15 27 
420 771 
453 772 
47 20 
135 20 
726 48 
410 656 
504 20 
91 184 
91 95 
223 20 
728 657 
726 446 
223 20 
77 77 
77 773 
562 31 
57 31 
774 773 
775 31 
586 20 
421 667 
402 31 
199 569 
586 656 
668 668 
586 31 
47 776 
199 77 
199 767 
768 459 
777 20 
129 778 
134 27 
184 20 
562 20 
349 446 
15 20 
61 31 
15 31 
184 31 
15 77 
641 20 
5 77 
488 47 
126 31 
779 20 
154 47 
26 780 
406 723 
670 20 
80 20 
141 569 
656 656 
656 656 
505 505 
591 77 
505 728 
90 31 
505 446 
505 20 
505 20 
505 20 
505 20 
47 505 
97 20 
781 459 
546 77 
546 728 
569 20 
412 446 
546 31 
724 505 
782 728 
98 491 
