12274 11863 
6358 3036 
850 12243 
5623 12275 
382 12144 
2963 5375 
12199 2535 
12276 1352 
12277 1352 
2714 12032 
12199 2704 
12199 4038 
153 12032 
6378 9005 
111 2407 
122 12266 
12278 12271 
2965 6303 
3697 1352 
3086 10220 
10537 6806 
5279 6303 
3185 11879 
11938 11879 
4251 5731 
3230 2576 
11202 1352 
8454 11525 
3540 9479 
7407 8902 
4677 10220 
9199 12279 
4407 6806 
12280 4034 
2629 8947 
5298 9736 
12054 9846 
2714 4261 
1197 12281 
9846 771 
1197 8787 
8904 4261 
8948 10220 
410 12282 
1828 7573 
465 11992 
10994 4261 
12283 465 
5518 12281 
12284 5127 
3415 74 
