4972 3843 
27 943 
4633 4795 
285 2562 
13806 13124 
2714 9182 
7078 888 
8251 3928 
3455 10968 
6721 11351 
1352 4633 
572 97 
7885 598 
111 97 
9510 13814 
5279 13679 
77 605 
9923 13815 
11202 9705 
6358 11688 
1108 12866 
508 3928 
7804 7063 
7878 11688 
3553 3928 
13809 2893 
12194 850 
771 13816 
4593 13817 
158 13817 
13818 13819 
12027 13816 
3163 894 
3320 97 
1632 13675 
3163 234 
4952 13820 
4751 9846 
10659 894 
3320 6370 
1890 12999 
1951 13599 
6516 13821 
4593 6034 
5518 13822 
13626 656 
2758 278 
