1853 2287 
138 725 
3051 877 
1371 4104 
116 5059 
2711 5060 
1556 5059 
3253 1738 
2055 4072 
2187 1350 
4010 4795 
1248 725 
2963 5029 
3684 1738 
20 1738 
5061 5062 
2055 877 
2411 1350 
5063 1738 
4934 5064 
2856 4072 
1542 5065 
4795 234 
4123 234 
5059 3881 
4123 4072 
785 5066 
2811 5066 
368 5066 
4363 5066 
575 4795 
945 285 
278 1350 
1556 5066 
5061 5066 
77 5066 
1509 114 
1556 1452 
1962 5047 
2267 5047 
2267 1129 
2267 5067 
4007 5066 
3425 5066 
3540 5059 
5068 5066 
5068 4795 
5068 877 
5068 877 
5068 4072 
1050 4441 
34 5066 
4795 4695 
5069 771 
4005 2704 
2640 4233 
2640 2281 
4902 4795 
4877 3782 
1009 5041 
2621 569 
3881 5066 
2215 569 
4059 4178 
44 5070 
4005 4795 
3540 1902 
4178 26 
5071 1963 
3484 725 
4114 3093 
20 5066 
3239 5066 
4684 5066 
656 539 
2892 1 
5072 5072 
3239 5073 
2599 74 
2704 5074 
3746 1738 
2674 5065 
138 2847 
1099 5075 
844 2934 
1853 101 
2811 5074 
