4407 14344 
199 14511 
14595 16496 
2297 4821 
16405 16486 
4902 16340 
16179 15626 
5619 7078 
7576 7078 
1769 16497 
3798 7078 
1890 7078 
15185 16498 
6126 431 
6193 15626 
9751 16499 
16333 2704 
850 15237 
16179 8738 
15185 5127 
12061 5127 
4692 4962 
14618 16498 
1803 14344 
77 16498 
1234 16195 
6672 15237 
194 16500 
13388 16501 
410 13155 
12791 15854 
4407 14053 
14215 16497 
7780 7119 
11188 7063 
8660 7119 
43 13 
10275 16502 
4902 7688 
10462 43 
16503 15421 
11462 16245 
4902 16245 
13317 13317 
16504 15421 
13837 4902 
15185 16505 
2061 16506 
2163 16507 
