4413 1247 
687 4414 
1452 431 
15 1247 
4291 4415 
2351 2934 
2195 1197 
43 4403 
3320 4405 
43 1197 
1738 4415 
4397 1046 
4297 2934 
2187 77 
4416 2576 
2055 77 
2638 3353 
278 77 
458 4048 
530 4417 
3593 84 
575 2240 
835 4415 
3706 3961 
562 4042 
4418 4415 
3367 2343 
4419 2175 
4420 3104 
2963 4042 
3986 4418 
613 4042 
4421 26 
4421 280 
1611 4422 
2416 278 
2416 2343 
4084 4423 
27 2154 
4424 4425 
4424 4426 
2061 4426 
156 4426 
1753 162 
2764 4325 
512 4426 
15 428 
278 4426 
47 4427 
835 4415 
2394 1234 
3548 4418 
2214 1522 
43 3881 
2421 4428 
4076 2421 
2030 4429 
4199 4186 
2187 4429 
3881 4430 
4337 77 
2187 4425 
138 1572 
4266 4426 
3961 3717 
3902 77 
562 4397 
3627 4397 
4007 4007 
3364 4186 
