4059 2136 
2061 6178 
4059 2136 
96 3186 
2411 724 
1803 2136 
5780 679 
77 2136 
3425 724 
5927 3201 
1760 2136 
4823 4934 
1452 2136 
1738 724 
5717 5958 
1452 6180 
4261 724 
2228 724 
3394 1 
1138 724 
1995 2629 
3415 4538 
4754 724 
1738 724 
1738 724 
6166 667 
901 724 
724 724 
533 724 
724 724 
724 724 
6056 724 
4754 724 
2029 6181 
138 724 
6182 1190 
156 6183 
1050 3186 
3592 77 
530 724 
5130 86 
5130 5253 
5478 3627 
1259 5748 
837 1291 
3095 1190 
6184 4756 
1611 1190 
236 1291 
236 2704 
945 569 
4297 667 
3159 6185 
537 724 
5452 724 
4397 724 
5612 2136 
2388 724 
1050 459 
5612 5612 
1050 6186 
6136 6186 
3881 6186 
4059 5758 
2892 1749 
4363 679 
2763 5758 
6166 724 
4769 4446 
3881 372 
901 6187 
537 4446 
3881 4446 
4397 4446 
575 6188 
4254 724 
5717 6186 
389 6189 
453 724 
572 3054 
