656 1670 
5793 2909 
4297 47 
3207 1670 
5717 1355 
44 1355 
5717 3696 
850 2175 
2255 5543 
111 47 
4381 4962 
2711 1670 
1589 5788 
5794 1355 
3095 5783 
4297 47 
995 3002 
29 34 
5795 1355 
4847 1670 
5402 1355 
5796 1108 
4902 5783 
4902 5797 
5186 1355 
1343 4085 
1611 2105 
3553 5798 
4877 5799 
4848 3271 
2711 5800 
3324 2196 
4848 1323 
5801 1074 
5802 5803 
905 5430 
3320 5424 
4011 5804 
1589 5798 
2090 5803 
613 3455 
5402 5788 
47 5788 
5805 278 
47 5806 
5649 5804 
1099 5804 
3664 1818 
850 1818 
4397 5788 
442 5803 
