4407 14054 
14055 5136 
4769 14056 
4072 883 
4902 14054 
9959 11817 
14057 14054 
7078 14058 
13981 14059 
14060 12618 
111 14061 
14060 13139 
13934 13934 
901 6526 
901 4795 
11619 14062 
95 14062 
3696 12869 
14036 94 
1522 12025 
1522 13315 
4692 14062 
7780 14062 
14063 724 
3895 14062 
8515 14062 
109 9334 
2758 14052 
13965 14062 
8660 13857 
312 14064 
1248 13468 
2843 14062 
2704 14062 
12157 14062 
111 3320 
14065 14062 
4010 14066 
13311 9154 
995 14067 
8078 14068 
850 11926 
2481 13468 
6987 14069 
