5418 410 
1951 6034 
1108 6034 
47 2197 
2281 2197 
1036 6030 
337 2197 
5298 914 
5086 4246 
4510 4246 
1050 6035 
5127 5127 
3553 2383 
1730 2197 
3086 2197 
2763 6036 
2481 2935 
679 2935 
997 2105 
5649 2935 
925 1560 
333 1560 
968 6037 
2397 2197 
153 6034 
4975 2935 
2049 1928 
2098 2309 
77 1928 
4451 2383 
2061 1928 
6038 6037 
4891 1928 
995 2197 
453 1928 
1050 2309 
3086 1928 
1234 6037 
1259 2197 
4297 2197 
1259 5510 
6022 1928 
3086 6034 
5298 3087 
4297 6039 
5972 6040 
335 288 
5972 6040 
2512 410 
916 2197 
3359 3087 
2763 2197 
3881 6040 
57 6041 
4043 1928 
1309 3746 
2090 2211 
3664 6042 
3034 86 
1259 2197 
1259 1400 
6043 6042 
1963 914 
4011 5970 
459 5970 
43 6039 
459 1928 
1805 1928 
1780 1928 
1050 5493 
1951 5836 
1177 1928 
3239 914 
194 914 
4682 1458 
3928 6044 
43 6039 
194 5836 
4007 3746 
43 1928 
