947 1084 
77 811 
770 1074 
935 598 
43 459 
998 598 
1088 1073 
43 704 
5 77 
724 77 
15 77 
74 20 
513 811 
337 1089 
966 406 
43 43 
1090 811 
725 459 
872 1091 
158 20 
1092 1089 
1093 77 
158 811 
1094 184 
596 77 
429 485 
352 811 
725 485 
368 34 
569 450 
400 34 
77 450 
77 450 
1021 450 
1082 450 
916 450 
77 450 
97 450 
916 450 
44 1091 
224 569 
681 450 
872 34 
8 450 
193 450 
193 450 
698 97 
505 450 
716 450 
27 1095 
132 450 
504 187 
132 450 
197 450 
1096 48 
1050 450 
287 450 
287 450 
811 450 
1097 450 
126 450 
327 1095 
134 1095 
850 665 
15 943 
459 943 
726 943 
124 1070 
1030 1013 
91 1074 
34 450 
575 943 
15 20 
44 1098 
26 569 
569 808 
925 808 
43 943 
300 450 
726 1099 
224 569 
785 569 
1100 187 
412 943 
