537 6524 
4902 1271 
2714 6522 
3540 4526 
3553 901 
3117 5481 
1197 5493 
6510 6316 
1032 5493 
4902 6524 
530 1986 
6365 6495 
6482 6495 
877 4795 
1805 4795 
1343 4633 
1850 6525 
6526 5046 
6365 3117 
6334 3881 
877 6255 
3333 278 
1611 1271 
6474 6527 
2960 1986 
3986 6131 
3872 6111 
78 2197 
1489 6502 
410 1986 
5836 6528 
459 6502 
2087 6421 
6359 6362 
2319 1170 
6448 6495 
2429 6422 
346 6422 
537 6131 
5440 6529 
5440 278 
6334 3201 
3881 6527 
1381 935 
3320 4065 
6458 278 
2351 2267 
6530 1170 
6486 278 
6110 76 
6474 1670 
872 1099 
724 6531 
5452 1099 
