10855 537 
194 6389 
16179 14430 
1753 537 
14946 14946 
2763 537 
5180 537 
16179 9877 
6721 16140 
7780 3485 
2871 1762 
3636 9167 
6269 6269 
16803 16803 
194 1468 
15392 14516 
2061 1468 
5504 10233 
4743 3276 
6113 16421 
2061 16805 
2216 1468 
901 14912 
15481 1468 
2764 14912 
1738 15854 
8276 16806 
9342 2407 
8 16807 
1985 9342 
8948 8948 
1738 3485 
1614 2299 
800 4301 
109 15221 
5093 10853 
4952 16808 
16713 16713 
162 6796 
10492 15221 
1352 16805 
199 15221 
111 14446 
16226 13601 
74 835 
4631 16635 
