34 1885 
1805 3018 
1295 877 
3019 3019 
278 1350 
57 1350 
2411 1350 
2760 1350 
287 3020 
2557 1350 
575 3021 
1400 1350 
74 1291 
681 3022 
3023 2945 
3024 1885 
2843 2673 
89 1350 
2763 2673 
1541 2673 
1197 3012 
2608 1818 
287 2875 
546 2673 
2747 1350 
1532 2673 
89 2673 
2187 1350 
1767 2673 
2392 2673 
2411 914 
97 2673 
3025 2673 
1050 2725 
137 2673 
1030 1046 
1350 530 
1611 1618 
1343 2214 
312 2765 
850 1618 
8 2450 
728 1764 
2468 1350 
2999 539 
3026 2673 
1108 1350 
64 2210 
3012 2875 
679 2210 
8 77 
1004 2673 
2725 1350 
2214 2062 
2486 1818 
445 3027 
2214 3024 
2541 2673 
687 3028 
2890 1618 
1295 2673 
141 3028 
2763 3029 
2267 3029 
1381 2909 
404 539 
2446 2875 
2612 2673 
2392 3024 
3000 539 
2092 539 
194 1350 
48 1291 
2029 1291 
728 3028 
728 1885 
1901 382 
346 2853 
372 1350 
3030 2518 
2964 699 
819 2849 
2033 2673 
2021 539 
2965 699 
31 352 
728 1350 
925 513 
728 1350 
728 1350 
