3670 3670 
4005 1741 
1350 4025 
575 2216 
44 1049 
4042 31 
2576 4043 
850 4043 
968 4043 
1951 1749 
3798 3670 
883 3941 
1951 118 
555 4010 
1350 2195 
42 4010 
3364 1489 
4044 4040 
4045 1192 
4044 1192 
3415 4042 
4046 34 
4044 3643 
153 4010 
616 4042 
4044 1986 
995 2195 
995 2544 
1343 3941 
4047 4048 
3963 4024 
1259 3888 
2154 3054 
34 3888 
2963 2576 
3248 3054 
4005 2704 
3480 3643 
4049 3863 
315 4042 
1522 1489 
194 3863 
2305 1957 
4050 569 
453 3943 
2136 3364 
4050 3943 
526 204 
