2206 1458 
3686 1458 
2963 819 
1108 8535 
995 1939 
5972 8535 
8536 173 
562 3161 
3051 704 
5972 2175 
4902 8515 
97 1963 
2255 4593 
8536 1350 
8515 7887 
1910 1963 
7900 704 
138 1963 
1910 1963 
453 8534 
4902 6404 
616 6404 
7804 47 
4988 8515 
1890 4593 
8537 8530 
8251 1963 
6491 4795 
2446 4795 
8517 8538 
2426 8530 
1995 7692 
8506 8506 
182 2704 
968 8468 
8539 1247 
8539 1749 
256 4347 
4297 7692 
5375 8540 
546 4631 
6073 2491 
6136 8541 
284 8535 
8542 2717 
8098 8543 
38 8544 
5237 8079 
850 8543 
7942 8545 
2879 4205 
1589 4631 
1890 8541 
4692 3018 
