575 5375 
2896 9959 
4902 9959 
10206 4589 
4756 9870 
202 7027 
10207 431 
4633 9005 
10208 1324 
5481 10202 
9842 9959 
9771 10205 
8948 431 
5972 7027 
194 431 
71 7829 
10206 1377 
71 10139 
4261 6987 
1291 6987 
8909 6987 
1291 6987 
2351 6987 
4524 6987 
2351 6987 
4497 6987 
2071 10205 
2388 6987 
3607 6987 
4902 7898 
2388 6987 
10056 6987 
1611 6987 
6987 6987 
3230 6987 
1611 6987 
759 431 
1237 6987 
9764 1377 
1611 9477 
10209 2901 
4692 6987 
1050 6987 
156 917 
2468 6987 
901 6987 
44 6987 
468 6987 
10210 9477 
2447 6987 
575 901 
7804 4631 
7407 9397 
6457 6987 
4059 5958 
2053 668 
1309 6987 
546 4010 
9602 4631 
5972 10211 
1247 6987 
1247 6987 
5724 5375 
10212 10213 
10214 6987 
10215 9926 
10190 10213 
3881 6987 
4643 656 
1247 6987 
2388 6987 
1247 6987 
630 6987 
968 6987 
1797 10216 
3479 6987 
9748 9748 
7202 158 
10217 668 
2429 5399 
10218 1957 
1890 3093 
9764 158 
7083 10205 
8819 9635 
10195 10195 
1099 6987 
1099 6987 
2070 2070 
4902 9635 
4902 10219 
4902 10220 
4128 10221 
