589 2612 
3247 656 
3012 1131 
1248 3080 
3236 1963 
687 3234 
2982 3022 
3117 505 
2021 368 
2446 3234 
1784 3266 
3267 2559 
2229 505 
154 3117 
3230 505 
2021 778 
2411 3117 
2215 1141 
158 2714 
2986 2986 
616 2612 
2714 778 
368 2374 
850 3234 
2229 2051 
2021 3268 
3267 80 
850 3266 
2481 187 
3219 505 
43 80 
204 3269 
3008 3268 
204 905 
1197 3234 
1532 905 
2760 656 
1259 3269 
2714 905 
2481 80 
850 905 
834 571 
1350 80 
575 1046 
44 2612 
1611 724 
3270 1453 
44 905 
837 3243 
1738 3263 
1714 2729 
184 62 
3271 2113 
1611 3263 
3269 505 
2327 2612 
3272 9 
3272 1376 
3263 1376 
3273 2374 
1541 1288 
3219 1848 
679 1848 
1368 1848 
1381 1381 
2450 3274 
908 1187 
3275 947 
3261 1046 
502 1848 
2614 1656 
3276 1323 
502 3266 
1309 3277 
1928 1848 
3219 3278 
445 3279 
2963 2305 
513 513 
1197 3234 
2612 9 
2566 3278 
1522 3274 
1197 9 
844 1890 
3230 3280 
3281 3281 
1047 289 
1760 2704 
3282 3234 
2566 3278 
285 3262 
95 1848 
2868 1187 
1157 3283 
8 2305 
3086 850 
2256 1288 
2411 3269 
2252 1848 
372 724 
238 850 
