1951 1640 
1995 6443 
4758 4758 
2638 3333 
2481 571 
571 571 
569 97 
132 3881 
4397 704 
459 571 
6591 704 
6241 3914 
4297 6443 
6519 3914 
547 6519 
138 110 
6380 5305 
4896 5305 
34 4568 
3986 6592 
2351 6443 
5402 43 
2640 724 
3247 4568 
84 4902 
4988 4845 
459 4568 
4896 5305 
1961 724 
1300 6326 
77 5305 
6209 5115 
835 6593 
2714 6594 
5452 4568 
6595 6053 
5087 4934 
537 819 
1682 6113 
346 6596 
2535 6597 
1522 405 
1851 43 
1947 159 
3627 6034 
537 6598 
3186 3186 
4779 1910 
6599 278 
43 5883 
1589 115 
6543 115 
6548 6306 
3394 159 
6543 6597 
4397 115 
5180 3186 
5520 1992 
2187 1992 
4769 1992 
1760 1992 
2210 1992 
1760 1992 
3295 1992 
44 268 
1099 1992 
4219 1992 
6543 5883 
2187 1992 
133 1992 
153 1992 
6365 1992 
6326 6326 
4161 6600 
2714 1992 
153 128 
6358 1992 
4902 6326 
6358 1992 
4902 6601 
997 1992 
6241 184 
6316 6600 
5883 5883 
5972 1992 
3295 184 
