2446 9097 
7309 2491 
8948 5493 
3239 5493 
2211 2211 
517 5493 
153 5493 
6952 9251 
1890 9467 
6683 3928 
8796 1190 
6683 2211 
6902 6902 
877 9468 
5882 7434 
3748 5493 
4497 9469 
9470 2179 
6987 4902 
3095 4902 
759 3285 
4972 8667 
2246 9471 
199 3285 
9464 9472 
74 3285 
9473 9292 
7878 9393 
2255 9292 
20 3928 
4297 9469 
3293 5457 
4593 9292 
844 5883 
171 1985 
9474 4050 
3425 8770 
572 6309 
2929 3928 
2388 2331 
6623 5493 
1760 6309 
9460 4050 
4631 3765 
8660 4477 
4972 9475 
9476 1121 
6987 613 
2957 8770 
5459 3285 
43 3765 
4631 1029 
386 4477 
4902 9447 
