431 679 
74 1005 
1247 458 
153 1959 
459 2097 
768 768 
188 2270 
121 2097 
2053 2270 
1959 1959 
1259 458 
516 679 
204 679 
1246 679 
248 679 
95 2323 
1259 2097 
947 1036 
44 2477 
2478 679 
8 1890 
2479 2097 
2421 679 
947 1940 
2330 2434 
1995 2405 
2234 2323 
1768 1890 
2021 2477 
1489 2414 
34 1890 
2411 2414 
2216 2414 
1321 1959 
2021 2097 
1199 1247 
850 679 
2215 872 
453 382 
171 872 
1267 877 
872 872 
2480 679 
1288 679 
194 2414 
1768 569 
745 679 
1256 872 
2480 561 
2480 1407 
44 856 
