6987 12364 
11038 12365 
11038 11914 
1809 10810 
7804 11016 
12361 4918 
12361 9756 
575 11914 
12361 1458 
7708 7957 
850 12366 
605 12367 
4952 12368 
5180 11878 
2029 759 
10659 410 
9238 12238 
11619 10251 
5972 11871 
2963 11020 
3369 2576 
10659 10251 
12369 74 
4007 10251 
3678 10297 
850 2704 
12194 7008 
5640 2704 
6987 12054 
9041 2704 
11590 6987 
3540 11061 
12370 1197 
3093 10283 
12194 7008 
1522 11016 
1197 298 
6359 12289 
6174 7008 
12371 12372 
6457 3572 
11038 12373 
12374 1541 
89 9787 
1247 3572 
2351 3572 
4011 9593 
8660 9787 
1828 5883 
11038 9479 
12375 9479 
6175 6175 
11038 9787 
