4769 4902 
2397 1236 
4011 4902 
4769 4902 
616 4902 
6073 6733 
43 4845 
84 6736 
6683 4025 
2049 2541 
1452 4902 
1521 4042 
410 4902 
8 104 
834 4902 
945 4902 
2481 6712 
1350 2541 
1589 5577 
6209 298 
3512 6737 
3984 2935 
3540 2541 
6683 6738 
6739 808 
5364 1009 
3877 945 
5364 572 
153 4902 
5364 3928 
3540 6623 
4072 1959 
5364 3684 
1350 4902 
575 5577 
6073 4902 
1350 3331 
6712 3331 
3117 6064 
431 2541 
638 6740 
3117 2541 
1452 6740 
3558 6741 
43 2541 
2983 1377 
2246 6741 
2481 3331 
6362 4902 
5356 2541 
6362 2811 
4902 4902 
1995 6717 
1611 2541 
1611 4902 
3540 347 
1611 4902 
3411 347 
5019 4902 
6551 6530 
3881 1236 
3117 532 
3074 2541 
1234 2164 
6359 532 
4025 4094 
3117 6742 
4769 6743 
2481 1458 
3643 532 
4011 532 
638 532 
1890 6744 
6669 2780 
6362 4902 
6745 4962 
4363 1458 
2089 968 
6551 2207 
3664 6034 
6551 2879 
537 6034 
346 6746 
630 27 
5005 4902 
