281 3928 
98 1714 
1215 1578 
1108 2454 
162 1 
6088 2935 
5452 1170 
428 1170 
3320 3553 
5180 5301 
5928 1 
6056 6089 
2763 6090 
71 3553 
5927 1170 
1943 6091 
502 3825 
2429 6091 
1860 6091 
2049 3928 
6092 6091 
1611 4003 
644 2297 
2022 5301 
4975 3825 
3320 6093 
3540 6085 
194 5271 
5052 2995 
995 2551 
555 6056 
6094 850 
4795 6091 
1768 193 
2892 6091 
2763 6095 
3846 4003 
4011 6085 
3333 6095 
997 6056 
734 4526 
6096 3725 
4631 3825 
3986 6097 
4050 4050 
6056 4526 
2090 6098 
539 1542 
