1961 4795 
2711 2136 
224 1589 
2711 4795 
1452 2136 
15 630 
491 5047 
5483 3881 
15 4848 
1890 950 
2351 101 
3095 3627 
182 2136 
2252 4848 
2049 2136 
15 2136 
759 4795 
73 1247 
3320 5484 
807 459 
1992 5330 
1611 2136 
153 2136 
4902 1940 
4902 4291 
503 4072 
1638 1522 
194 4902 
2704 1940 
4005 4902 
4263 5484 
4005 2063 
4756 2063 
1259 4699 
850 5485 
4975 86 
5418 4795 
2195 4072 
5375 1522 
5052 4830 
5486 4902 
5487 43 
4692 42 
5279 4795 
2216 2136 
1995 5488 
1738 300 
810 2136 
2704 300 
4297 5488 
2136 950 
5489 1691 
1679 950 
2090 1381 
901 950 
43 5452 
5468 3230 
1350 1691 
