726 917 
7686 8363 
315 1138 
4902 3192 
134 3192 
2785 4481 
4297 199 
77 199 
834 199 
2211 8364 
8365 8364 
2704 4458 
3540 5093 
7686 4962 
98 97 
894 8366 
8185 8185 
3846 4962 
5087 7485 
2958 8366 
7485 2714 
2214 3192 
7900 879 
8356 8367 
3093 97 
71 7231 
4972 2005 
8098 8350 
4972 1180 
4972 1180 
6987 6549 
44 8350 
5093 4458 
6359 8281 
1760 8350 
5298 8367 
3117 34 
5717 8000 
2158 8185 
6987 2890 
4902 8368 
6126 5093 
7390 8369 
7914 2717 
153 8281 
7914 5814 
1890 8369 
5724 5011 
562 5011 
