77 974 
5621 110 
3825 3825 
43 5522 
1853 4086 
3247 5115 
2429 5115 
2090 2566 
555 2566 
3320 5115 
5452 5115 
1377 2164 
453 2566 
2996 3006 
153 5084 
5716 5716 
3553 5745 
2092 5736 
77 5115 
1004 3006 
1995 5747 
3986 3006 
807 5556 
5491 5491 
4220 3006 
1099 3006 
3847 5748 
5749 862 
5750 2977 
1036 5645 
5743 5510 
1611 4962 
4845 1099 
2248 5645 
5751 110 
5649 5084 
1259 5230 
5751 5332 
3643 5230 
459 5230 
726 5230 
4577 5230 
3540 5556 
1521 759 
1521 4966 
2083 5375 
5180 974 
3798 5375 
2397 5402 
4643 5375 
2621 1099 
47 5747 
5612 5115 
2827 5510 
4381 4381 
1050 5612 
1611 4200 
2216 5115 
1004 3006 
1522 5115 
2351 5747 
44 5115 
1710 5752 
5180 5753 
1558 3006 
1259 3825 
84 1598 
5452 5752 
2397 4200 
