4011 12457 
6987 5883 
335 968 
850 5883 
14 10991 
1509 10701 
12458 2049 
3928 7688 
12199 771 
4297 10701 
6332 4676 
12199 12385 
4407 10220 
850 4711 
2717 12459 
2215 7688 
7804 4680 
759 8460 
11517 4680 
1197 12026 
724 4190 
3367 12460 
6126 12461 
153 11914 
285 12462 
1532 12463 
877 11688 
11517 12463 
11038 12464 
4902 12465 
11038 12463 
3095 3607 
4297 12462 
2275 4104 
10236 12466 
5180 4104 
1995 12467 
2892 12468 
4297 12467 
3540 771 
5136 12469 
12470 12461 
1870 11749 
12194 12463 
1738 12471 
6126 12464 
12472 10659 
12472 431 
3320 2407 
12473 7407 
2638 2638 
3512 7901 
3627 3627 
6241 4633 
6241 12474 
9764 12460 
