7686 382 
8087 1780 
8222 8107 
2704 8223 
1138 3683 
1995 3034 
6935 8224 
2211 8225 
156 8226 
3034 1936 
8227 8211 
8228 8219 
2215 1099 
6126 3736 
156 3034 
1951 1936 
4625 8142 
8229 4593 
3018 8230 
724 6966 
6209 2281 
7407 8231 
1589 2244 
6510 2598 
6987 3095 
3577 8226 
3553 2244 
8232 1780 
3986 8233 
8222 4500 
892 8234 
1525 8235 
15 3095 
182 8231 
8200 877 
2714 20 
5493 7615 
171 1459 
278 1411 
1611 8236 
1050 8236 
8196 8237 
1248 8237 
2963 2244 
6241 4500 
8232 4500 
372 20 
3051 8238 
372 8239 
6209 8196 
2254 457 
442 4500 
