20588 16539 
5092 19515 
17728 6813 
3086 5719 
6241 20589 
4902 19375 
7387 15305 
2704 19375 
4952 20590 
20591 2339 
2894 7688 
7686 18936 
1611 18324 
5185 6806 
158 20515 
9510 20589 
19752 19752 
2640 20582 
15481 7415 
20592 20592 
14618 14446 
17942 20515 
2535 20593 
2534 20593 
12791 20515 
14487 14476 
4261 20594 
10189 14163 
4902 18324 
16227 16227 
5493 20226 
8660 11890 
1738 19181 
15019 13615 
20268 20594 
13856 13615 
3034 5733 
138 17887 
5092 1957 
43 15510 
20589 11890 
7686 1282 
1157 13073 
