15682 13434 
15691 968 
10144 15714 
1108 13434 
1108 13973 
2481 10283 
10144 2619 
7387 7387 
2246 12185 
14782 15604 
575 15715 
4769 7055 
6915 12385 
2287 14950 
15716 9334 
15717 3052 
5958 3052 
15718 15719 
15598 15703 
1050 877 
2447 8414 
4032 15720 
1108 15276 
410 877 
6683 7431 
15691 8449 
13695 15683 
10840 15721 
3394 968 
14618 15276 
15722 15721 
4952 2136 
15722 14378 
14782 15702 
7407 15723 
9348 13542 
13386 3052 
1985 14008 
13862 6796 
2267 558 
10144 6796 
6425 3052 
14618 15724 
15725 8997 
2163 15608 
13692 1350 
4631 15726 
13388 15727 
11359 15728 
15305 1350 
11016 5493 
