10855 6178 
2758 16672 
11573 12054 
2764 16733 
1057 12787 
2077 16733 
4692 4031 
6161 9751 
7898 7078 
2580 16672 
16734 4856 
9430 14818 
3405 16654 
16735 9751 
48 3558 
1738 16736 
4031 3222 
1985 13199 
2248 13199 
10855 1190 
14089 11351 
10189 16737 
14089 14752 
4952 16738 
11038 16739 
1632 16738 
410 3279 
7407 3279 
1890 16737 
16590 16590 
16740 16323 
16740 16323 
16315 16719 
16735 3222 
16741 12385 
86 16737 
5518 15730 
16741 16742 
383 4735 
6370 14446 
14618 14446 
14618 16107 
