6599 3497 
43 14341 
3320 14342 
14343 14344 
9510 14344 
4538 14345 
2481 14272 
4416 3230 
2785 14340 
156 9719 
4416 3230 
9674 13296 
43 1890 
10659 3497 
6721 8934 
1197 5092 
7804 14346 
14308 43 
43 1606 
8276 13974 
2640 14342 
724 1738 
12213 5180 
14264 13974 
14264 44 
14308 1343 
5972 14347 
837 14348 
2481 14349 
5493 14341 
1247 9719 
4297 5665 
6126 1270 
5491 13225 
7387 13615 
1985 14350 
111 14348 
14351 408 
678 201 
315 3054 
4952 14352 
5518 14349 
14353 3497 
6721 8810 
6126 1738 
43 14341 
453 8810 
3320 11253 
