6316 6056 
1951 6647 
3540 6647 
5298 3957 
6601 3246 
2187 312 
575 6653 
6654 2730 
3264 6501 
6501 6501 
3540 1411 
4593 561 
835 6601 
4297 2049 
6601 1411 
5972 844 
6359 1411 
3798 2049 
5478 5971 
995 473 
6359 6401 
224 3093 
5279 3093 
4497 2277 
5520 4348 
365 473 
4392 473 
834 4795 
770 5971 
80 6601 
2633 6496 
1543 347 
80 997 
537 6655 
6367 4446 
4297 171 
3881 6601 
4011 4446 
5452 4446 
546 1050 
3239 6656 
44 6655 
4011 6657 
2963 3093 
2535 1099 
3559 6658 
537 2319 
537 3186 
153 844 
2411 3186 
1951 3186 
850 1582 
5098 3451 
3320 6584 
2763 6196 
546 6196 
6417 6584 
5086 5305 
6659 2730 
43 55 
268 6660 
