4611 1381 
6712 749 
3877 2541 
616 5993 
616 5116 
834 6781 
1355 6781 
2905 77 
575 5993 
6241 505 
616 3636 
6530 6715 
138 408 
5185 3431 
6782 6779 
6753 3881 
278 408 
194 408 
453 724 
3095 5697 
2996 571 
256 408 
1634 1682 
3872 571 
2557 3087 
2319 2067 
1768 448 
2234 3928 
4297 6783 
5452 6784 
1522 5249 
6715 4135 
6222 4178 
546 6778 
6785 4841 
1099 6784 
4178 110 
3934 3881 
5185 1247 
572 6744 
844 2984 
3364 1247 
77 77 
2694 140 
3253 3253 
4902 6786 
4902 6787 
3320 6788 
6789 4714 
575 6790 
