14618 14771 
3159 21047 
34 14890 
18995 20765 
4381 21051 
11573 901 
2894 12974 
43 8142 
20941 20941 
1343 1343 
16373 14125 
5972 5491 
6174 21052 
1343 1343 
14148 21053 
7804 21052 
1350 21054 
17243 14182 
182 21055 
256 21056 
12394 2811 
21057 429 
7387 2599 
77 13973 
21058 9165 
7733 20357 
18874 20928 
4952 3831 
1197 14818 
17942 20928 
5093 20928 
5093 20928 
4407 21052 
17468 18347 
2397 18840 
12791 3831 
850 14818 
15185 18840 
21059 4795 
2083 2083 
14618 21060 
6646 21061 
4952 16897 
104 21061 
