126 110 
81 211 
220 389 
74 121 
224 406 
9 559 
134 220 
400 26 
137 211 
76 26 
488 560 
77 110 
80 184 
488 332 
118 151 
539 503 
539 77 
77 561 
537 537 
488 561 
503 561 
129 558 
197 561 
562 561 
3 81 
110 537 
204 561 
549 561 
77 184 
121 563 
551 551 
256 211 
473 561 
256 561 
564 529 
135 211 
565 184 
566 402 
135 211 
464 211 
564 505 
34 80 
381 529 
91 283 
129 204 
3 537 
300 537 
567 104 
568 26 
324 34 
202 561 
43 34 
569 283 
43 560 
402 211 
570 211 
386 571 
43 81 
532 80 
532 93 
123 2 
537 537 
532 369 
110 26 
154 561 
129 238 
283 135 
26 47 
572 304 
532 27 
31 47 
532 280 
402 27 
31 561 
402 184 
402 278 
71 47 
238 26 
394 402 
110 402 
256 211 
121 406 
256 34 
554 151 
