43 1917 
2713 2895 
2976 2895 
945 2976 
3689 3679 
153 2895 
1768 3690 
1142 1917 
173 2895 
254 2895 
1601 2895 
3040 2895 
571 2895 
3040 2895 
504 2895 
1381 408 
312 3685 
508 3684 
134 903 
2632 3627 
3643 459 
679 2895 
1611 3304 
616 368 
3691 3692 
312 368 
15 3693 
1135 2576 
3660 3693 
905 459 
1543 2344 
349 2344 
1611 3093 
1611 2652 
3022 3677 
3694 933 
616 1963 
20 368 
47 1963 
3540 571 
2021 3667 
3371 3531 
3371 2329 
3371 3531 
1381 3170 
3669 1 
298 1 
2446 3695 
3696 3093 
3697 3093 
15 3051 
368 3051 
15 3590 
1030 3590 
1768 3684 
2556 2895 
60 3170 
1749 1749 
3683 251 
3643 3051 
43 1961 
43 3051 
1890 3051 
2550 3698 
