2599 837 
2090 6446 
6447 5113 
8 837 
1343 6448 
6334 77 
4477 1049 
4477 2281 
5418 837 
5418 837 
5418 837 
43 248 
6449 2407 
1601 5958 
6450 3387 
3986 6451 
2569 837 
3295 3536 
1890 31 
4692 6284 
96 6284 
872 2407 
1452 5059 
389 5958 
6398 6452 
837 837 
84 5728 
134 5127 
8 837 
1234 5127 
453 5113 
4622 5113 
368 6453 
575 5127 
6454 6284 
4059 5940 
1995 2640 
412 837 
1611 3186 
3320 1049 
44 6278 
537 442 
6455 6454 
6456 4114 
2827 2640 
4297 2640 
5968 5127 
3394 6457 
2714 6454 
6458 1761 
572 2640 
2071 442 
4454 442 
6448 6459 
6401 6401 
1352 6460 
349 5728 
759 4114 
6334 4059 
452 2640 
2704 6461 
6462 6113 
6056 6463 
3928 3883 
3117 1370 
901 3883 
34 3883 
1890 837 
4902 6464 
13 837 
6128 5728 
4902 6243 
6462 4902 
850 6113 
3560 6461 
1099 6464 
708 3883 
3644 6053 
6316 6465 
3364 837 
6401 4795 
850 6466 
