1170 1170 
67 739 
828 1163 
513 1173 
989 20 
1099 475 
231 1099 
459 1173 
1121 989 
15 724 
81 989 
110 989 
785 1175 
121 248 
995 1029 
77 989 
609 212 
850 52 
1157 101 
1135 989 
850 459 
1176 949 
95 784 
399 784 
183 949 
517 110 
215 886 
768 1 
48 784 
850 1177 
236 1029 
768 285 
935 187 
173 187 
768 4 
15 124 
1135 949 
15 1170 
995 1178 
1179 945 
121 1180 
98 1180 
80 304 
1181 834 
412 943 
86 943 
945 248 
1173 151 
488 743 
1182 743 
569 616 
808 74 
153 187 
725 1170 
656 656 
656 1183 
1184 1183 
690 616 
110 656 
