1805 3072 
2021 570 
609 3073 
44 73 
257 2704 
1696 298 
2541 3069 
1259 73 
947 2175 
2545 1522 
2411 2295 
2392 3072 
15 442 
2844 2559 
2811 2748 
368 1790 
1767 2811 
850 2811 
850 2811 
256 2295 
679 2811 
97 2811 
2920 2811 
97 2811 
97 2811 
1790 2811 
609 2811 
74 2559 
74 2559 
2215 2986 
2957 808 
616 808 
1541 808 
1769 2479 
2763 2479 
2479 2479 
2267 2792 
3074 2561 
2541 2479 
2548 284 
140 2727 
352 2727 
2763 2727 
1291 2811 
2021 1247 
238 2727 
2021 278 
2763 278 
57 2811 
2446 2977 
850 2977 
3075 2811 
2763 2425 
1309 2977 
3006 2727 
2556 2811 
1589 2811 
692 2811 
2725 2811 
1089 2727 
44 1247 
2548 2704 
1910 2029 
2548 808 
3076 84 
2392 278 
