844 845 
332 842 
15 372 
546 26 
284 372 
546 400 
406 723 
224 406 
256 372 
31 233 
57 57 
562 724 
609 585 
609 233 
236 724 
47 818 
123 846 
611 842 
613 724 
720 847 
613 847 
26 842 
26 585 
450 428 
517 304 
34 406 
337 26 
109 233 
77 842 
848 304 
849 428 
850 74 
293 34 
44 851 
98 312 
850 74 
236 849 
346 849 
114 248 
852 851 
562 849 
34 304 
129 428 
346 853 
656 444 
15 104 
399 104 
3 104 
98 135 
504 843 
3 104 
656 656 
333 854 
656 843 
189 855 
517 110 
15 304 
57 721 
856 14 
517 710 
168 304 
696 465 
95 104 
104 710 
15 722 
429 710 
134 811 
231 722 
726 854 
857 77 
2 524 
564 20 
34 710 
5 202 
726 710 
667 811 
8 293 
8 710 
77 293 
110 293 
34 20 
539 4 
641 842 
858 858 
859 1 
80 858 
80 860 
861 65 
859 140 
862 419 
863 864 
862 505 
140 196 
346 865 
862 20 
862 151 
862 304 
866 366 
278 80 
278 293 
20 77 
609 710 
372 57 
238 151 
281 854 
20 20 
114 664 
687 80 
146 656 
850 80 
43 293 
867 26 
57 864 
238 80 
231 868 
613 868 
