3986 7348 
10571 10572 
6193 5127 
2638 7348 
29 1762 
4221 4795 
4221 4795 
4221 4795 
4221 4795 
4221 4795 
4221 4795 
1760 4104 
153 5834 
3627 4104 
6241 10573 
6510 5834 
4692 10574 
1187 6140 
1256 4399 
2215 1762 
189 616 
575 616 
459 1582 
6241 10575 
459 1582 
1350 5356 
7804 4545 
7804 10283 
2481 4545 
10576 616 
1784 5356 
1611 5356 
4497 10166 
4633 4795 
901 1582 
10283 10283 
10546 1582 
3881 7348 
10577 10434 
7536 7536 
1256 1499 
10578 1582 
894 1582 
4477 10579 
3095 10580 
9602 10580 
4633 10580 
3095 8739 
3881 10580 
10537 4381 
567 1582 
4011 10580 
8279 8279 
1050 1909 
8819 724 
8819 1582 
7804 10581 
2022 4593 
546 2512 
