2388 656 
5591 4214 
2996 5907 
3643 3186 
2351 1682 
935 5793 
2714 5907 
5245 3186 
901 4562 
4510 5907 
4025 3186 
1350 1032 
31 572 
459 5883 
5717 1682 
5908 5793 
3411 5073 
2429 3214 
43 5445 
656 4962 
3765 128 
850 1580 
3872 1870 
3643 4962 
3670 3186 
3041 5909 
2114 128 
569 1170 
138 1170 
4735 1691 
4735 2136 
42 5793 
4643 43 
84 5910 
1379 1170 
1005 1170 
3095 4735 
1611 5911 
613 5910 
81 5911 
4555 5912 
1005 5912 
4631 2114 
3411 5911 
3928 2114 
589 3765 
4269 4593 
4631 4214 
4923 5162 
4269 4593 
1614 5913 
4975 1062 
945 5883 
5914 4962 
4114 43 
4397 2114 
3453 3186 
3553 3684 
3186 84 
5518 4795 
3186 2856 
2090 5804 
138 5279 
5915 84 
2550 4086 
3394 734 
368 5916 
5518 2199 
1259 4086 
1350 84 
