5877 347 
1910 1310 
2365 1355 
726 78 
5005 347 
5180 5878 
1236 5879 
1753 850 
153 850 
3719 5861 
724 5836 
256 850 
1197 850 
5180 4280 
2983 1601 
2416 4280 
256 850 
2543 4280 
1532 850 
4011 5880 
5180 4611 
3719 4611 
5881 4223 
5882 2856 
877 278 
5437 4611 
968 1361 
1853 917 
1611 4589 
3086 5883 
1509 5883 
5884 5312 
5859 5883 
821 5883 
916 5883 
2711 5475 
4220 5883 
3553 4459 
916 5883 
4931 5878 
138 90 
31 5883 
656 5883 
945 5883 
1247 90 
3320 5163 
1234 1355 
4072 5885 
3453 5883 
1797 5163 
572 90 
2351 5883 
1851 2254 
2145 5162 
77 90 
238 90 
77 90 
1355 278 
2963 5886 
1851 5883 
138 1541 
3928 1589 
4214 5883 
1381 5887 
