9600 6897 
9737 9731 
15 4902 
8029 7615 
3540 4381 
4902 681 
1108 4902 
2481 9731 
4643 9738 
2535 4902 
1108 4902 
15 4902 
256 9534 
5478 8102 
7078 47 
9066 9739 
5909 5909 
9740 9741 
4902 9741 
9741 9741 
4011 681 
3239 9742 
1050 4381 
7782 204 
1050 9743 
1050 448 
7878 2407 
7078 4302 
9744 2407 
2717 8999 
3095 2534 
3293 9719 
9243 9243 
2714 4692 
5504 9611 
2215 9667 
8431 9745 
6987 5745 
8819 4302 
9746 9747 
2963 3928 
1601 9748 
2083 9730 
2113 8023 
2215 5493 
2351 5493 
2714 5493 
4631 5493 
4497 9455 
2704 9746 
