7431 5493 
109 8449 
2996 5493 
7078 3497 
4692 12143 
8660 3497 
4692 372 
10881 372 
895 372 
7804 1170 
895 5493 
5972 11454 
2083 572 
12064 372 
12028 372 
11946 372 
11426 12090 
6551 4545 
1343 372 
12036 372 
4297 1939 
12144 5418 
6174 12145 
77 372 
12146 1049 
6510 372 
877 372 
12107 3793 
12126 12126 
11951 12147 
4631 12147 
726 12147 
12148 12149 
3320 1682 
11886 12150 
12151 945 
3575 1682 
12152 3937 
1550 12153 
1762 10002 
12154 11898 
4952 7780 
3324 9367 
2481 11993 
138 11993 
4692 10398 
4593 8473 
1350 372 
