412 1054 
77 1045 
726 1045 
77 1045 
726 1045 
44 1106 
1030 31 
935 598 
15 134 
124 1045 
15 724 
3 616 
1021 1106 
517 517 
43 34 
616 726 
726 34 
726 34 
1107 450 
616 34 
785 943 
459 34 
1108 158 
15 34 
757 34 
110 1045 
506 1045 
69 1045 
80 1045 
616 616 
77 1045 
1030 27 
1109 77 
785 1109 
1029 1109 
80 656 
43 1029 
150 134 
726 1029 
499 304 
80 347 
110 175 
708 175 
616 769 
327 1 
1030 769 
609 175 
442 77 
134 142 
808 31 
1110 135 
1111 1112 
1050 721 
944 721 
27 162 
726 726 
15 670 
944 726 
944 726 
123 726 
15 101 
5 726 
5 726 
110 517 
15 233 
80 289 
598 347 
968 1029 
110 110 
110 110 
1113 110 
475 726 
146 726 
