4381 1596 
850 3607 
7078 11275 
4952 656 
43 3364 
850 11276 
138 3364 
8449 3364 
4902 1596 
3540 11270 
11277 9961 
34 2382 
4643 11267 
575 11267 
312 11267 
10853 11278 
4497 11195 
11279 11279 
2714 11275 
8454 6623 
877 6623 
4297 11280 
8633 10100 
11281 2856 
9764 11276 
9819 11269 
5230 11269 
3540 11281 
11282 11281 
2255 8487 
8494 11270 
11265 9860 
613 6806 
8660 11283 
2714 7898 
1890 11269 
194 8778 
8904 11276 
11284 2029 
6316 2856 
5518 11270 
3372 2856 
11283 11283 
1108 4755 
6126 11285 
4028 1980 
10580 11286 
6126 5935 
138 2856 
4011 7202 
9952 1963 
14 9241 
2758 10100 
315 4397 
