84 366 
690 725 
81 725 
199 1247 
1256 903 
27 233 
459 903 
995 27 
459 1247 
1288 33 
459 27 
539 903 
564 248 
44 77 
459 77 
26 903 
995 77 
1298 571 
26 391 
71 169 
26 34 
60 1124 
1259 1288 
901 34 
1256 391 
850 1 
96 248 
692 1288 
1322 1324 
57 1324 
121 78 
384 26 
98 1325 
726 1325 
616 1288 
26 34 
925 1325 
726 34 
1323 1002 
616 34 
43 248 
616 901 
1248 901 
1323 1247 
77 187 
850 901 
726 187 
459 187 
724 394 
517 394 
44 187 
1204 187 
1326 98 
1248 459 
412 1327 
1036 960 
204 960 
1259 960 
1270 668 
1234 1234 
539 901 
1309 450 
1328 539 
43 1327 
98 48 
569 450 
1329 366 
372 1327 
526 394 
300 1268 
81 394 
194 668 
