5412 5412 
945 5565 
5637 4281 
15 5412 
569 3093 
399 1682 
98 4397 
726 34 
2827 3093 
2446 2875 
613 3715 
539 5317 
656 3863 
726 5648 
368 821 
84 2764 
27 821 
5649 945 
224 945 
1611 5650 
995 5127 
1099 2037 
4510 5650 
759 1682 
5651 3715 
2632 5652 
3239 5522 
2811 5652 
47 5127 
5623 5653 
71 2764 
442 5652 
76 903 
2738 824 
3540 5650 
1509 824 
4692 5654 
368 5502 
4163 4615 
2576 4615 
4902 4615 
2704 4615 
4795 4795 
4005 5502 
5640 2856 
2215 31 
74 1170 
4692 4962 
445 5654 
346 346 
5435 2856 
1170 1170 
856 273 
5655 5656 
2090 5656 
3304 4281 
1170 3627 
5657 3201 
1248 5658 
1309 2856 
5655 2784 
43 4962 
5659 656 
3847 4065 
1896 570 
4104 570 
504 1281 
850 5652 
1309 5085 
