34 1173 
194 2491 
2725 2491 
726 2491 
2450 1582 
1343 537 
2187 2107 
850 2450 
2792 2894 
1851 1015 
850 1360 
2566 2566 
257 1582 
656 1360 
850 1691 
609 1360 
153 1582 
2725 1360 
2904 1360 
2643 1015 
491 1360 
609 609 
1350 1582 
1442 2615 
2029 2491 
182 1582 
2566 81 
1619 2491 
1541 90 
1805 2450 
925 2615 
442 1582 
2421 1582 
726 1123 
2898 2615 
47 1015 
368 1173 
1598 282 
43 282 
2411 2895 
609 173 
47 569 
34 1360 
194 1360 
2548 1790 
15 2266 
1445 2491 
1784 2727 
15 2491 
2905 808 
146 2906 
1611 2214 
831 2214 
2725 2714 
1768 1280 
2803 453 
2576 569 
182 2906 
282 2907 
282 2908 
2021 282 
2612 1360 
2267 2727 
1047 1050 
708 2450 
627 2908 
609 2909 
2267 2910 
1050 1247 
2911 288 
2548 1173 
1236 2912 
2541 2541 
1769 2727 
728 2491 
2905 1360 
8 2907 
1442 1154 
442 724 
834 1247 
850 347 
