6034 1761 
6474 4291 
5180 8187 
2704 7642 
2599 3455 
8098 6885 
8190 5237 
156 8172 
8191 4516 
6303 6303 
925 6885 
6805 8185 
6510 7145 
1611 7642 
2113 6034 
4902 7642 
1343 8192 
3222 4516 
8193 8192 
15 8192 
15 6351 
4516 6351 
7407 8136 
3034 1760 
1050 1190 
3540 8155 
8194 903 
1134 4516 
1805 2049 
2576 8195 
5230 8195 
1768 7868 
5130 1780 
850 6034 
613 4902 
1247 5477 
44 1761 
2827 6309 
2827 1761 
3320 6309 
8196 76 
2704 8192 
8197 8198 
8199 8198 
8200 3402 
3686 8178 
4297 6309 
