1197 12580 
2963 9218 
465 4668 
1760 6443 
2275 9173 
2248 6718 
11358 1356 
6530 12521 
12581 1963 
11038 1940 
11038 4446 
526 11472 
7078 6669 
153 8127 
575 2890 
3394 1271 
4007 12582 
8819 1170 
27 3034 
11008 1170 
8819 11472 
12583 1963 
7078 1170 
12130 9736 
2758 759 
12584 84 
4297 12585 
850 12586 
8922 10627 
10659 12587 
138 12586 
12588 12588 
3093 8449 
5305 12589 
7804 6669 
4692 9173 
5279 11962 
4261 12531 
4297 1029 
2122 8667 
3697 3697 
1762 11962 
1760 1963 
1343 8667 
7407 12590 
10659 12559 
2351 11611 
194 12559 
4972 8449 
1890 3034 
6718 6718 
2963 8449 
3781 9154 
5499 656 
3396 12591 
5896 10691 
5499 656 
12568 12568 
138 10691 
