4952 6542 
4 4 
3247 6536 
346 2934 
4297 2934 
1350 726 
312 6543 
1760 5116 
6544 726 
2811 6534 
675 1867 
5640 4072 
1291 726 
4756 6545 
1291 726 
346 312 
821 1805 
6524 6524 
4952 3368 
5719 47 
1890 6309 
679 20 
8 5116 
6316 6056 
1611 1805 
6126 6200 
4902 2554 
138 1718 
77 1805 
837 1718 
572 1718 
2351 27 
4297 27 
4005 1805 
3117 2554 
6535 2717 
1521 2383 
3928 2383 
3781 6265 
5894 4119 
5375 2383 
3881 4497 
368 2383 
3320 6546 
6443 6546 
4952 6547 
4643 2576 
6548 6549 
4297 47 
3881 561 
4297 6550 
4769 561 
44 4714 
6551 6491 
6455 1411 
3394 6552 
6073 6549 
656 1411 
284 4593 
98 2383 
4631 2383 
6548 4593 
2215 1939 
1259 1089 
6248 722 
4769 2717 
3644 6422 
