121 224 
199 420 
98 27 
473 126 
109 104 
121 420 
224 26 
43 428 
517 128 
109 420 
110 77 
5 69 
402 146 
224 27 
1 273 
193 2 
43 2 
297 69 
44 408 
8 8 
399 8 
123 4 
96 408 
182 69 
453 453 
204 273 
8 134 
500 43 
532 57 
536 69 
158 89 
504 77 
517 202 
504 135 
224 75 
504 304 
170 220 
42 304 
199 89 
43 537 
538 81 
80 304 
173 221 
31 221 
247 31 
168 34 
224 238 
129 238 
8 34 
75 99 
5 184 
441 74 
27 34 
441 135 
5 135 
43 184 
43 539 
182 537 
75 540 
475 184 
3 34 
29 75 
43 135 
84 57 
84 441 
29 441 
404 540 
98 75 
3 540 
84 75 
84 264 
5 75 
5 1 
541 151 
3 75 
38 81 
294 34 
507 522 
542 57 
121 513 
543 57 
121 381 
20 75 
544 441 
488 140 
20 238 
47 441 
460 135 
75 251 
424 408 
27 428 
43 251 
545 408 
516 220 
238 135 
408 151 
546 31 
510 128 
27 294 
547 81 
81 548 
546 3 
525 408 
525 487 
43 549 
98 288 
404 549 
