2448 3928 
153 2535 
4059 3881 
3247 3928 
2711 4743 
256 1115 
89 4743 
3253 4743 
4744 3881 
3447 3101 
43 3101 
4745 4745 
1108 4743 
431 3928 
1696 3928 
4072 2535 
4414 4446 
1784 418 
4738 4740 
877 2535 
312 4740 
4263 2526 
3540 2535 
614 4740 
77 4740 
4341 4746 
997 4740 
567 428 
4747 4740 
4178 418 
4622 408 
8 4740 
4748 408 
3093 3928 
997 408 
2963 408 
4735 2890 
4749 304 
4727 4750 
1352 4740 
3214 4220 
1963 3928 
1036 1190 
1190 304 
1951 3765 
2785 304 
2763 4750 
3186 408 
4751 4752 
569 2785 
1888 1618 
734 4405 
3928 4072 
3823 2704 
2711 2187 
