609 119 
1306 1783 
1209 1753 
808 1280 
1784 459 
1321 77 
1738 1618 
1784 1050 
1522 903 
1619 298 
1784 1190 
877 1785 
1521 34 
1784 27 
945 1785 
48 34 
1352 1786 
667 1408 
808 1280 
278 1323 
1509 1355 
1787 406 
1611 1618 
1788 1408 
81 1323 
1789 1323 
834 1408 
1790 1770 
770 1323 
42 439 
686 1408 
1696 1791 
98 1748 
1400 1748 
1696 1778 
1788 1408 
1611 1618 
1790 44 
121 1045 
1792 850 
945 1408 
453 81 
1293 81 
287 81 
194 839 
1108 947 
1209 1323 
1792 569 
133 569 
162 569 
1209 81 
1792 374 
837 569 
453 1793 
1761 81 
1794 1794 
834 1076 
1259 569 
1761 442 
1322 1795 
1050 1744 
1532 1618 
1223 1760 
1050 1522 
546 1522 
546 442 
129 1291 
123 821 
459 1796 
153 459 
1381 1507 
153 1618 
30 1796 
1522 1522 
1259 1539 
726 1796 
1463 1618 
368 1173 
453 1795 
