111 9959 
1760 11663 
8 11663 
3415 97 
10194 870 
8819 6806 
5087 3881 
526 9479 
3847 11886 
12094 12095 
10537 11530 
12092 11886 
11469 9479 
8515 9479 
8430 10646 
616 1598 
12096 12097 
12065 10608 
12098 8309 
12036 894 
6645 7123 
10538 1963 
38 12099 
10659 12099 
12100 1420 
2077 97 
9764 11686 
8948 12101 
12065 8774 
131 11716 
3870 7964 
4297 6443 
4096 8309 
9819 8277 
9819 135 
7804 8277 
9238 12102 
2675 12101 
7274 9959 
6334 12103 
8937 453 
4810 3201 
5623 12104 
11612 12101 
6113 9479 
10659 12105 
6802 6501 
