2996 8810 
13806 15670 
6316 15670 
575 13081 
1985 12775 
12927 11710 
1452 11710 
6248 2844 
9764 13973 
256 15671 
15550 15672 
6599 15670 
5518 6175 
15673 5182 
5556 5182 
10659 15670 
6987 10144 
11710 10144 
13898 15670 
6334 10144 
6599 8392 
15674 12290 
8819 10144 
14098 15254 
1611 5182 
575 10002 
7878 5493 
11038 8613 
4711 11887 
13045 15397 
12385 6056 
15656 13140 
6316 5685 
15564 2681 
14631 15675 
15676 14872 
2090 15677 
15678 15679 
1138 6897 
7898 12290 
312 15670 
14618 15126 
6707 304 
15522 15680 
