4104 13542 
4274 14827 
7780 10358 
14584 14671 
1468 14828 
14722 14828 
7708 14829 
1350 14830 
1890 3825 
162 3825 
11469 14830 
14443 14831 
14378 14627 
6510 13660 
14473 3825 
8772 1355 
3369 5649 
4269 14832 
7804 14833 
14834 14835 
11469 14836 
656 14836 
4631 14836 
835 14837 
3540 4119 
3034 14838 
10537 14830 
9706 14839 
372 9154 
8232 14836 
7688 2599 
13388 14835 
14722 14840 
4810 14841 
6370 5731 
2571 14836 
3320 6370 
10537 14842 
14843 1582 
111 6370 
14844 14831 
153 14845 
14142 14836 
1805 14627 
