519 7051 
1768 1560 
1458 1458 
537 2218 
2446 4363 
4297 5660 
1108 6855 
5279 3684 
7084 26 
3095 1458 
1995 6443 
2351 6443 
575 7051 
1452 2979 
4497 7085 
1611 7086 
4643 7085 
6510 7086 
5180 7086 
4643 2958 
293 3663 
2481 2382 
7073 1323 
5910 726 
6359 7087 
6191 26 
7088 7086 
5126 7089 
1995 1247 
7090 6218 
7091 26 
1611 1408 
7092 6218 
4397 3684 
3369 2067 
6009 6134 
3320 7093 
6443 6443 
6334 6825 
1809 6825 
7094 3093 
5402 7095 
6073 7096 
138 2136 
3320 1049 
5927 7095 
3479 1049 
1489 7095 
4297 1049 
2255 4540 
3095 1458 
6191 4540 
995 1049 
5972 7097 
