14666 14666 
8819 10369 
835 18965 
18966 11234 
6126 7020 
2397 968 
12416 2535 
1197 7269 
8303 7269 
16773 9342 
12416 14940 
17975 18404 
7804 18967 
7804 17743 
13934 10501 
11028 8303 
18968 408 
18958 3451 
18750 2136 
18969 9470 
7804 88 
77 3577 
18970 18971 
6246 3807 
16773 18972 
295 10501 
13934 10501 
8303 16997 
9747 8091 
16997 18973 
3607 16997 
2071 3577 
11038 18974 
3425 16997 
12194 74 
18868 16774 
2827 18973 
12416 8770 
10216 18973 
5093 8770 
18938 8501 
315 12652 
6510 5205 
18974 18974 
850 16997 
1194 7269 
