44 1407 
126 1352 
1617 1618 
850 1170 
418 1170 
1108 1352 
1157 284 
530 1352 
530 1407 
1225 1407 
1619 569 
877 1352 
1620 27 
312 724 
384 1352 
1617 1227 
530 951 
346 724 
1288 1407 
1621 692 
1287 1352 
453 1622 
1617 692 
300 278 
199 284 
877 1352 
1121 1352 
199 138 
199 569 
459 1164 
837 1578 
453 1623 
1624 27 
1241 724 
1528 1407 
901 1407 
1050 347 
1430 347 
95 1407 
616 609 
312 1625 
238 347 
295 347 
312 609 
1400 278 
856 1164 
27 609 
43 1624 
726 609 
1617 1351 
459 1177 
995 1624 
1390 1170 
204 667 
1247 459 
1259 667 
1617 667 
850 512 
1062 1390 
1626 128 
297 1397 
1326 459 
43 667 
1234 1164 
34 34 
1617 44 
34 34 
850 1627 
15 1628 
453 947 
1134 1352 
77 91 
1209 91 
1134 1352 
1270 609 
1270 194 
901 1407 
1047 13 
1241 98 
1368 347 
1617 834 
173 1628 
1618 1352 
123 724 
1629 1624 
27 569 
48 569 
724 1247 
431 1291 
850 1291 
