9639 6932 
1247 6932 
11016 932 
6543 12314 
8889 12315 
12028 12314 
410 12314 
12316 12314 
346 2473 
12317 6286 
3607 8667 
10621 12306 
995 12318 
7804 12318 
1760 12319 
850 8667 
9238 11630 
12012 8667 
2029 12306 
7804 1163 
1361 8178 
454 428 
6193 1163 
9992 7697 
1890 1163 
7804 2114 
4719 12315 
6987 6175 
10659 10659 
9295 12262 
60 139 
5180 11016 
7407 12316 
2714 12316 
12320 60 
4593 60 
571 11016 
12321 11016 
12255 11016 
844 4065 
9846 12322 
12012 11016 
5640 12323 
12324 943 
12325 3458 
