173 909 
1236 138 
3364 138 
43 4536 
302 1928 
145 4196 
4542 681 
575 4502 
2481 3012 
3358 138 
879 4446 
3895 656 
15 2704 
3823 4543 
1050 278 
380 77 
1079 4544 
442 4515 
3643 4543 
156 4544 
3095 2856 
34 4544 
3185 1835 
507 27 
4297 2351 
138 4544 
1611 4281 
2682 1957 
2061 4545 
916 1355 
2535 278 
3425 4545 
3627 2856 
2550 1985 
968 925 
1400 1957 
4516 4516 
4546 1323 
995 4547 
995 77 
726 3189 
15 15 
1381 42 
2215 1560 
1522 1163 
15 4379 
4072 3881 
2446 4529 
3387 4548 
575 2856 
153 2714 
