6022 6138 
3364 6139 
530 2856 
3643 6138 
6140 5059 
43 5059 
5064 4446 
9 4446 
5059 6141 
138 6141 
458 6141 
5717 2757 
2275 2757 
5518 6141 
1638 5478 
4902 6142 
6056 6142 
2599 6141 
3455 6135 
1009 4460 
4902 6141 
194 6134 
6143 5982 
1452 6141 
2255 6141 
3986 6141 
3689 2856 
1589 2856 
3095 3627 
3627 4902 
1638 4902 
6144 6107 
3888 2960 
1995 4497 
667 2934 
1760 6145 
4497 4497 
3697 4902 
6108 6146 
5452 6147 
2053 5690 
5291 6147 
2763 6147 
5279 4497 
1108 284 
4877 284 
47 75 
2252 3697 
6056 6095 
2856 6095 
2763 6081 
4011 6081 
4477 782 
5290 2704 
1910 1170 
5518 1170 
4613 2022 
4631 5510 
5518 6148 
2215 13 
4497 5510 
459 3697 
6149 1170 
