4446 8660 
1247 6378 
1851 9367 
3264 6378 
6623 6378 
9368 6248 
9369 199 
4631 9370 
3295 4049 
4297 9367 
5298 5653 
5972 9371 
188 7759 
750 4593 
7149 7497 
9372 9327 
4719 5740 
5471 2383 
6964 9373 
9374 9370 
2963 2383 
8660 9370 
5233 8516 
8660 6669 
2608 8495 
7424 9097 
2608 3782 
4902 6669 
4902 8942 
5927 8942 
3540 759 
7407 9371 
3095 9375 
7078 6965 
34 8829 
9376 2704 
2275 2704 
9377 421 
9378 1945 
8948 6965 
575 3943 
6551 9360 
2494 9379 
6821 3943 
1041 4593 
8948 5892 
8750 5892 
2608 4497 
9380 8445 
4407 9375 
9295 9381 
3881 9381 
