1135 382 
726 1291 
2248 1299 
504 1291 
1050 2102 
1248 2245 
2113 1805 
1257 1291 
96 1291 
1869 539 
995 2350 
667 733 
2350 679 
2350 679 
2350 679 
2350 679 
1257 1291 
1452 1960 
679 2350 
957 2315 
1452 2350 
77 2368 
850 2245 
327 135 
1611 2257 
1611 2326 
819 2350 
1452 2368 
1343 1960 
2369 1189 
1030 2370 
1248 2230 
1768 2365 
2371 1960 
2234 2354 
901 1725 
692 1960 
123 1960 
171 459 
2216 1052 
1951 2245 
2267 984 
2245 2245 
1511 1939 
1099 1099 
2267 158 
20 1247 
1247 2319 
1890 158 
2372 1455 
1197 771 
1111 771 
2136 1247 
1855 1197 
2373 1197 
850 1197 
439 1247 
1025 1299 
171 945 
1985 539 
412 76 
174 171 
43 1189 
1638 158 
1259 1189 
1890 406 
368 406 
1452 2319 
