9510 10426 
18993 8501 
6551 12281 
18994 18981 
2566 16808 
1138 12791 
18995 16997 
16956 18996 
3684 3684 
6334 15236 
18868 13915 
2187 18997 
295 17472 
9510 16656 
1611 2535 
6174 1853 
18868 18998 
16800 1578 
29 18998 
4072 1578 
2681 18999 
2122 18999 
19000 18982 
3159 5387 
19001 1099 
2029 12652 
1194 18998 
12171 4405 
43 6796 
11197 19002 
18965 17564 
4072 19003 
43 1582 
18991 598 
19004 10873 
3359 15745 
12768 12768 
18367 13915 
14818 7320 
14282 13615 
14976 19005 
19006 12168 
