726 1099 
1995 5648 
726 5754 
5755 5756 
2984 2984 
5412 1890 
1995 1560 
5042 1671 
807 4888 
5757 5758 
4684 5759 
2535 5760 
1589 2118 
1589 5701 
4397 2118 
3798 1853 
4397 5375 
1614 428 
4397 5375 
1614 1797 
1509 1 
5761 162 
1726 5762 
1611 5762 
5763 2118 
158 284 
173 5762 
3553 2118 
4975 5760 
31 5762 
2640 3006 
95 901 
1611 5760 
1452 901 
613 1356 
5506 5315 
4975 3627 
2704 5762 
1452 5762 
3826 2307 
3095 1356 
850 5028 
5764 5675 
5765 608 
84 3087 
4877 5424 
3928 5675 
5766 84 
5766 34 
945 5767 
2510 5767 
300 1930 
4510 5768 
4877 5766 
2429 5767 
2763 5424 
1611 1930 
4163 4163 
5518 77 
4643 5769 
57 5770 
2015 5603 
459 77 
459 372 
4643 372 
