1760 5116 
1768 101 
188 5202 
6243 4072 
5402 1247 
6548 6563 
4952 3516 
6572 211 
6191 6191 
1838 1838 
2963 4072 
4769 211 
6059 3577 
6248 4072 
5658 6573 
6334 6186 
3247 6574 
2090 1442 
4297 5399 
6248 278 
1611 4845 
1718 5658 
3034 6574 
2760 4381 
2811 1838 
77 6362 
6535 211 
3986 6575 
6535 6576 
5719 6563 
3076 3076 
3394 1247 
6532 1986 
1985 6008 
5230 3577 
5504 6519 
1247 6577 
281 1099 
5719 6577 
2267 4269 
4059 4059 
6248 1986 
6578 2704 
613 6526 
459 4269 
1247 4269 
2388 1986 
6543 4269 
5612 4269 
2351 1247 
433 4269 
5084 5084 
3881 110 
3201 2984 
4553 116 
6543 134 
5412 4269 
2447 2425 
2411 681 
877 2421 
