3643 3663 
3664 2425 
1761 3364 
2599 888 
1248 3177 
2599 3456 
3170 3304 
968 3564 
724 1940 
968 94 
153 3369 
1835 2963 
1135 3369 
3239 2599 
2481 3177 
3665 3369 
134 1164 
34 3666 
1259 2935 
2535 2576 
2021 1940 
3643 661 
3540 1940 
2535 1940 
3540 1640 
1321 1321 
616 1749 
2974 1271 
3516 442 
1099 3667 
2599 888 
1805 3668 
3383 1164 
1761 661 
3394 1727 
3540 1940 
3669 1 
1108 2576 
1248 3667 
3364 3670 
3669 3666 
2897 1 
2976 661 
3516 1 
157 2089 
3051 1 
3542 3671 
3433 1 
1135 3672 
