10401 6246 
14487 14487 
1194 16181 
4059 3316 
138 13973 
4952 4025 
835 4025 
74 16181 
77 15074 
4972 18089 
77 13615 
6193 4902 
4972 15074 
10401 10667 
9992 4902 
77 3627 
96 12461 
10401 6669 
10401 2619 
16967 17048 
4027 7688 
609 15872 
16967 2619 
4902 18090 
15403 11926 
29 13973 
4269 18091 
4342 15074 
15550 15194 
3881 2619 
17542 18092 
2053 10667 
1197 16181 
16074 11830 
4025 734 
2758 15074 
18093 14166 
18094 3881 
1962 18095 
18096 10426 
3575 10667 
4122 18097 
18098 18098 
5518 9430 
