2758 513 
3159 3305 
3222 3425 
770 3486 
3479 278 
2760 3487 
2963 2491 
564 278 
3488 2420 
3453 572 
778 1963 
2566 3487 
3480 3111 
708 3486 
2411 3487 
15 372 
3480 1752 
1288 73 
134 572 
3261 572 
3369 1580 
31 31 
158 3489 
15 1775 
3453 204 
564 3489 
445 3387 
690 77 
2281 73 
3453 73 
15 346 
2958 346 
1843 3331 
3453 506 
1288 3490 
1489 1228 
1343 1228 
3364 3490 
1228 3490 
2548 3109 
3419 1580 
2897 204 
2021 3470 
834 3470 
3491 77 
1522 3022 
1005 569 
43 1288 
1288 2091 
2868 1497 
44 2091 
499 488 
1890 346 
3383 968 
2963 488 
1910 569 
3364 2425 
2917 2425 
690 657 
2760 657 
945 2425 
