1248 3230 
726 1291 
4058 7819 
335 819 
1962 7818 
2037 7818 
7820 7028 
3264 6303 
7149 7821 
4902 7822 
5972 7823 
2704 7824 
3369 7819 
1350 4363 
3369 4363 
3789 7822 
7693 7825 
2827 47 
6269 7826 
95 7825 
5316 7559 
759 5019 
95 3086 
567 5395 
5972 5395 
571 5395 
7826 3881 
2429 2370 
156 3087 
508 5019 
171 2594 
2640 2370 
7827 7828 
4692 5541 
3440 1190 
2256 1762 
4049 4049 
4072 4676 
1489 7829 
4902 4676 
5298 2909 
708 7830 
4732 2594 
439 1738 
835 7168 
6599 5006 
4902 7625 
5481 1525 
995 7320 
5499 4104 
7320 4104 
892 7831 
2704 2704 
3008 7832 
1371 1611 
7833 7797 
6987 7834 
7835 421 
555 2704 
2429 2594 
2216 5788 
96 2704 
6434 7828 
