5088 2704 
20298 7447 
18155 18155 
20299 20229 
43 20291 
4902 20300 
877 2704 
14089 14344 
7617 17782 
104 17782 
5305 10633 
883 14814 
5972 2704 
877 3881 
1050 17690 
1851 20070 
15362 9430 
5282 1350 
5282 1350 
759 759 
4972 20284 
11938 18614 
13985 877 
5282 2202 
17655 6669 
2867 5989 
18340 5989 
382 20234 
4902 20275 
5185 5989 
4902 15757 
20082 20123 
850 20301 
20302 347 
14308 14818 
11016 5989 
4952 20303 
1738 6085 
19838 15421 
18938 18538 
4902 18614 
800 800 
7078 4027 
10537 20304 
2535 4902 
20305 19713 
4902 20306 
