821 4982 
572 12335 
572 194 
29 4982 
3394 18 
1052 431 
1197 194 
1995 6049 
256 9208 
1151 194 
1248 9846 
346 4787 
2136 194 
11190 11190 
5279 194 
1513 6081 
77 194 
850 194 
10855 12336 
202 12337 
8889 12315 
2963 4982 
7407 9846 
1247 7996 
850 9846 
4072 12224 
1343 12338 
9066 12339 
400 115 
12340 4500 
5640 12341 
1224 194 
1234 11663 
7078 194 
11688 12342 
1532 1452 
9510 7957 
11071 4458 
60 1309 
8052 4928 
9959 4787 
1371 3094 
18 14 
12032 1309 
1985 571 
4936 7456 
7164 12343 
12163 12343 
8922 1228 
111 12341 
10659 12344 
4497 7996 
8098 7202 
4407 11068 
