346 346 
4130 2806 
5165 5113 
418 5113 
5165 5179 
400 400 
5180 5181 
2569 5024 
4297 3684 
5182 2214 
4297 346 
5183 1350 
194 5092 
459 459 
204 315 
4299 2977 
5061 5184 
5185 539 
4719 5024 
2714 4795 
5061 5179 
42 459 
4510 5184 
5186 4072 
4769 4072 
2214 4845 
4902 76 
4902 1805 
5187 4072 
2234 4668 
2234 1350 
2234 1350 
3823 2704 
2234 1350 
4104 1611 
1768 2114 
137 5188 
2215 945 
1522 5162 
77 3881 
5172 1350 
2090 5189 
1050 3881 
237 2256 
5165 4363 
4872 1350 
4975 4363 
4631 945 
