6370 7413 
1922 10437 
14142 10786 
8660 16570 
6126 5807 
465 16571 
9751 9751 
16572 1560 
14618 2867 
15598 382 
10659 16573 
4032 1115 
16574 16509 
5279 1228 
16422 16575 
16576 16577 
16576 9751 
850 16578 
575 12171 
5478 16571 
4692 4691 
2534 1577 
5623 12218 
14955 4924 
1004 10786 
6334 16571 
4397 11720 
10194 12218 
4952 6457 
3781 16579 
16580 12783 
16581 16582 
10659 11914 
4407 7604 
16039 1228 
6092 11841 
194 12783 
4902 15619 
14722 15619 
5180 15619 
6599 16181 
8660 16181 
1922 15959 
