10842 4261 
9715 10169 
2974 9782 
465 12037 
3935 9782 
11373 12285 
11562 12260 
6987 12262 
12199 11373 
5972 10169 
5941 12279 
11613 11613 
406 12260 
8660 11659 
3928 12286 
9238 12260 
5283 8509 
4397 12286 
8668 12268 
3781 4261 
3781 60 
3781 9248 
10659 2216 
5972 12287 
1682 11020 
3872 5127 
3540 9846 
4497 12286 
5185 11016 
945 3320 
4477 11020 
5459 74 
11016 11016 
2510 11020 
7407 11869 
7274 11020 
6174 1890 
2215 2150 
11453 4708 
1632 9926 
613 11811 
6241 4708 
821 9782 
1138 1678 
10810 12288 
11038 5836 
