2037 26 
2989 278 
616 278 
1108 3863 
2049 2032 
679 278 
2049 3963 
2704 256 
2763 3970 
3966 3966 
1005 1761 
43 3970 
43 2281 
194 256 
656 3971 
997 278 
3364 278 
1247 166 
3972 850 
43 3973 
3946 3931 
850 1247 
1805 3627 
42 3863 
3946 3946 
3823 2366 
3974 3671 
3095 3973 
3823 884 
2195 3902 
2421 3975 
2548 1089 
1962 294 
1541 3902 
2893 1803 
3976 3973 
3977 337 
3308 3308 
3972 850 
368 3955 
3823 3977 
3587 3955 
3239 256 
2868 3955 
3823 884 
3972 850 
2704 3955 
997 3978 
3979 2214 
194 3955 
2868 3736 
613 2087 
2989 2087 
2055 2032 
1890 3980 
1618 3981 
1108 3863 
