5360 968 
7900 7600 
4011 2681 
8178 333 
116 2704 
834 2029 
4633 4872 
7390 2704 
6073 1309 
84 3095 
7485 408 
901 8286 
3765 7361 
3394 968 
84 8292 
4568 7361 
1951 7361 
3765 5481 
265 1309 
8293 408 
3765 8294 
1343 4104 
7804 3243 
6193 4872 
724 5375 
1995 4800 
5185 4800 
1259 8295 
7266 4104 
2963 8295 
1379 6980 
879 8295 
1379 8296 
1784 6980 
171 3497 
5493 8297 
315 8295 
1939 968 
1738 6980 
4902 1797 
4902 8298 
4329 1309 
3083 8299 
3083 8300 
8301 7083 
3083 7833 
835 8302 
15 7161 
7509 8302 
153 8303 
8304 6108 
902 6980 
1247 1309 
