4007 4853 
1377 1377 
442 116 
4643 4795 
4856 2236 
2664 4220 
4032 800 
734 4001 
2633 4856 
4857 2856 
4858 4220 
890 34 
1270 3863 
1270 3863 
1270 1525 
3881 2743 
2640 123 
3394 1542 
3411 4085 
2599 2029 
4859 34 
708 3095 
3540 3840 
3789 4085 
370 3087 
4860 638 
2811 2743 
3484 3484 
1611 4085 
4779 1247 
596 4850 
2411 4861 
2811 234 
4059 4862 
4643 4862 
4032 2632 
997 4409 
4297 234 
2711 1390 
57 2743 
4863 1355 
4864 3328 
616 4856 
3823 4865 
850 3540 
3751 3840 
2022 2629 
1995 4866 
4692 800 
2055 4865 
555 4510 
4059 4865 
4467 4865 
4297 4535 
2629 4535 
4297 4867 
3320 4868 
365 3230 
1738 3230 
300 3230 
687 3230 
1197 3230 
1957 3928 
4397 4668 
1371 1985 
431 3230 
4397 4868 
4358 4358 
453 3230 
442 2743 
47 4856 
77 3230 
2285 3230 
4869 382 
89 4119 
4870 3863 
3247 3230 
2248 1985 
