6727 7683 
7898 2714 
29 1377 
5185 19225 
724 4902 
7723 2534 
15322 19225 
16140 16140 
2704 19224 
29 16338 
2187 19226 
19044 16123 
16333 10659 
19227 877 
4902 15000 
6334 15000 
19228 15332 
2704 17994 
15019 15000 
4924 10871 
13806 17994 
2534 17994 
1851 18946 
4952 2704 
2729 10424 
10190 10190 
8660 19229 
8660 7095 
10190 19230 
2534 2136 
6126 7095 
10668 15000 
368 15274 
3117 17129 
2534 2534 
2534 2534 
770 19127 
312 19127 
17748 6885 
1400 13066 
1138 7095 
4122 13066 
17448 10251 
