448 2984 
8013 4938 
4848 2890 
2275 8014 
1768 4104 
138 8015 
850 8016 
4848 5910 
5623 4961 
3086 3125 
2211 8017 
5927 6669 
162 273 
4692 2211 
3320 708 
793 708 
238 708 
7620 8018 
1890 5312 
156 7612 
8019 8020 
238 1578 
4059 448 
86 5312 
8019 8021 
2963 3497 
2990 8021 
1784 4902 
156 6935 
2576 6935 
27 919 
182 8021 
1768 448 
8022 2146 
410 8021 
2022 7612 
1753 8023 
5298 8024 
1197 4633 
3881 4633 
8025 4633 
156 5087 
1352 8026 
1343 7399 
4059 4633 
4714 8021 
4902 4536 
4902 1458 
3396 8023 
2557 8027 
837 837 
4732 8028 
7878 448 
7407 8017 
8029 7996 
5305 1190 
1355 448 
5518 4363 
2164 1190 
2481 8030 
4902 7459 
315 656 
468 8031 
2032 7459 
5087 3881 
