1291 2594 
3095 9760 
4407 9597 
1350 5493 
1350 5493 
4902 8677 
4593 8677 
1197 7202 
1247 9401 
3095 8023 
9479 9600 
1236 4633 
2963 6538 
616 6538 
2963 9759 
724 9761 
850 5493 
4902 9762 
5791 5493 
5093 9763 
681 9762 
5180 1893 
916 405 
4631 8999 
9425 5127 
1611 5493 
9510 3697 
1714 917 
9764 3333 
5719 5493 
4497 7522 
4497 7522 
5375 5375 
9292 9597 
2879 8677 
2763 9762 
8660 4902 
9479 4633 
5305 4104 
5518 8299 
850 8999 
850 4795 
5518 4795 
2785 9401 
9479 4633 
9668 9736 
5494 1350 
9602 9762 
9763 9763 
2704 9765 
9766 2704 
2481 850 
8485 8506 
2638 4633 
9767 9711 
9768 3521 
2704 4633 
2481 4795 
8819 8999 
1108 2765 
9769 9534 
34 8506 
