14618 16760 
43 6987 
111 16761 
11038 15000 
4902 14369 
368 15000 
43 3279 
43 410 
8819 16762 
6334 3093 
111 16763 
29 7780 
4810 7780 
995 5493 
5504 16495 
1300 15269 
850 16539 
16764 3881 
4072 16495 
2704 15269 
16350 16728 
16755 16755 
2481 15237 
2905 16763 
16765 16765 
9461 11472 
16743 3093 
16179 4 
2187 1963 
4917 4 
182 15952 
12791 16766 
15220 3093 
12791 3086 
15220 3093 
6334 12597 
15900 15961 
10855 12597 
7733 7733 
16767 8667 
3954 16495 
16768 16769 
8904 16759 
43 16770 
4032 16771 
5649 16771 
2481 16771 
5623 15704 
13489 16772 
16740 16393 
16074 16678 
2187 6623 
3251 347 
10396 2172 
256 10396 
4072 15421 
