14098 16354 
2704 6987 
5649 15730 
850 6987 
14308 16689 
16039 15221 
850 15730 
16690 1247 
43 16681 
1350 2704 
16677 16677 
7804 15490 
1963 15221 
8948 8948 
1248 15730 
16691 3024 
16315 506 
6370 4974 
7407 506 
4341 506 
6802 8660 
452 4251 
9764 15221 
5640 13674 
15550 13674 
9764 2576 
16692 1640 
7407 14627 
7095 7688 
1138 3024 
182 4984 
16692 13155 
9334 16181 
16693 16694 
9334 3024 
27 14446 
12791 15342 
6370 16695 
1355 16696 
382 8810 
8276 506 
16697 16698 
1495 7688 
11038 2029 
7309 16699 
9715 12597 
16370 15576 
6334 12597 
2083 3928 
4271 3928 
11573 16700 
11573 2725 
3320 14446 
850 10871 
15550 16701 
5518 14212 
