4643 7896 
3906 7882 
6396 1951 
4643 6949 
7882 530 
6846 7869 
1513 4058 
1951 7717 
7759 808 
6092 62 
4902 7897 
1928 431 
7898 431 
3977 808 
6126 7899 
3291 431 
724 7900 
4229 431 
27 6884 
5180 7901 
1611 7901 
834 7578 
3977 27 
3881 2629 
572 7902 
1851 7578 
7903 110 
2473 7578 
3906 7882 
1050 1805 
2053 2704 
453 1951 
856 7578 
5395 949 
2704 431 
5254 1173 
1761 6085 
2681 7904 
98 7578 
4 7320 
4072 7578 
4011 7905 
7733 2473 
892 917 
2215 7906 
7576 7906 
562 7906 
1190 7906 
2811 278 
759 7906 
74 759 
