6358 6152 
4902 706 
4902 10195 
3842 10084 
10196 10197 
4397 9358 
10198 10199 
575 572 
10198 1381 
3239 10193 
10198 9087 
4631 7768 
2481 9581 
6987 1247 
4631 10200 
759 1247 
2053 5047 
5972 10083 
10185 10201 
1738 10202 
895 895 
8979 1618 
3095 1356 
7447 10019 
1234 895 
9764 10203 
2599 10180 
6480 10204 
8819 10204 
8819 1985 
4902 10204 
1749 664 
5518 10019 
153 10203 
9971 10205 
7509 3487 
7898 3487 
153 9971 
2599 7829 
5791 10205 
7804 8649 
10198 4510 
4631 10205 
9028 5282 
4902 9477 
6126 1618 
