472 268 
256 264 
248 273 
256 3 
473 408 
332 134 
294 134 
365 134 
447 273 
256 474 
77 248 
62 89 
75 154 
158 475 
158 153 
209 134 
43 474 
256 3 
83 449 
29 449 
29 43 
29 34 
26 43 
29 26 
26 26 
476 477 
478 26 
3 248 
26 279 
265 433 
158 279 
285 211 
26 211 
265 77 
315 248 
129 211 
81 264 
158 475 
98 43 
156 279 
26 128 
479 128 
156 77 
248 294 
81 26 
256 480 
110 480 
43 4 
481 26 
386 128 
140 128 
81 26 
482 3 
388 26 
26 264 
182 26 
214 3 
84 29 
392 26 
43 134 
375 128 
1 96 
388 4 
186 26 
55 264 
483 26 
96 484 
43 4 
485 77 
486 421 
194 484 
129 77 
265 77 
134 77 
487 3 
84 204 
256 475 
487 258 
273 204 
27 204 
372 475 
145 43 
134 84 
412 474 
412 467 
265 488 
248 77 
248 488 
488 488 
167 77 
4 488 
489 453 
488 488 
140 5 
61 75 
123 5 
231 5 
220 26 
109 90 
196 140 
109 77 
20 279 
196 196 
447 273 
159 238 
173 419 
140 196 
173 77 
140 220 
31 238 
459 488 
197 490 
8 491 
248 220 
134 220 
254 96 
134 220 
404 491 
27 491 
57 408 
77 491 
43 491 
104 491 
43 408 
43 408 
406 491 
256 491 
256 408 
388 224 
204 204 
8 134 
368 2 
489 453 
182 490 
492 2 
489 264 
126 2 
196 2 
8 134 
17 419 
128 128 
