2541 304 
4167 5113 
997 5113 
3364 304 
188 5118 
256 2977 
1099 1099 
4297 1797 
43 3372 
609 1868 
278 4795 
856 960 
2638 960 
877 960 
453 5113 
1004 5082 
2638 3387 
759 960 
1352 5113 
1578 960 
850 4389 
256 3387 
4631 2051 
824 824 
5119 5120 
42 2714 
453 5121 
526 5122 
442 3372 
575 5122 
4104 73 
84 77 
2963 824 
5123 5122 
4769 5124 
2775 1351 
3086 2374 
459 2374 
1578 722 
3881 5124 
4983 2535 
4792 73 
4269 5125 
4795 278 
445 5120 
5126 4795 
4631 5127 
4005 5128 
1749 901 
1509 824 
453 2704 
4510 5121 
3516 3387 
