6599 15437 
104 15441 
34 15442 
6672 15305 
2481 15305 
2704 14330 
1379 15305 
11202 60 
138 15305 
13045 13792 
4032 5556 
2728 10561 
1963 15305 
4902 7388 
8251 60 
3117 34 
4990 10920 
1350 2811 
77 15305 
724 15305 
4274 13302 
1784 7388 
15305 724 
3230 724 
1300 14330 
8888 8888 
13066 15305 
44 12765 
15443 724 
6510 15444 
12488 6443 
15445 2105 
5452 15330 
4593 13969 
5499 13969 
2548 656 
901 656 
901 656 
2548 656 
2255 13969 
6721 656 
2548 656 
1995 3291 
837 656 
3034 656 
4446 2704 
13939 12208 
1614 2370 
4952 2299 
4261 11619 
6241 8449 
