134 5424 
3057 5762 
572 5591 
47 77 
84 5771 
708 5771 
5412 158 
5701 5701 
3540 5603 
575 1963 
4263 5424 
1890 1853 
2963 5701 
1452 2599 
77 2599 
5772 77 
473 5773 
2411 2599 
43 2164 
1050 4962 
5192 5591 
1589 1139 
2211 77 
5412 1890 
162 653 
5375 31 
1099 278 
5764 1139 
1141 943 
1611 3095 
2621 1247 
627 2599 
627 2599 
2892 2164 
627 2599 
5774 2599 
4779 2029 
5764 2029 
188 943 
4972 31 
4902 5770 
5775 822 
5776 571 
1611 3725 
1611 3725 
3540 4845 
4631 3725 
4010 1190 
1247 4399 
2216 4459 
1452 1452 
1050 5356 
1050 4459 
4261 2599 
5717 1780 
2411 1780 
892 5777 
5412 3201 
5293 3696 
5421 2049 
1050 2049 
5778 1449 
5758 2339 
2714 473 
442 5779 
4104 4399 
