3789 11492 
4011 11492 
134 616 
2481 10100 
11712 11492 
5927 10100 
1995 10578 
4769 11782 
2714 11782 
11562 11782 
11462 6669 
4261 11782 
2077 220 
194 11564 
4902 11783 
2714 11492 
11762 11784 
759 2729 
2397 11785 
11786 1192 
850 11781 
609 571 
850 4711 
4902 11787 
11688 11559 
1995 11329 
11578 7780 
1197 11781 
44 11559 
1753 11559 
11492 11788 
11789 9896 
850 11781 
2053 11488 
9992 11790 
11275 2599 
2714 8328 
2397 11559 
11791 389 
5019 2729 
11792 10937 
3540 10937 
11462 11488 
7503 11793 
1760 6447 
2758 11559 
613 11710 
5927 43 
4342 11559 
11197 11794 
3117 4937 
3746 43 
173 11795 
43 4951 
8676 2714 
9170 11559 
