5279 3529 
850 14150 
4032 3607 
14955 11613 
14584 9689 
382 14329 
14308 4962 
4952 14126 
14963 13973 
9959 2370 
5369 5440 
5092 1228 
77 1228 
4902 14964 
2704 14965 
3540 5493 
3394 14960 
284 11504 
4924 656 
4589 13692 
10537 3540 
2704 13543 
14912 7078 
43 14966 
2534 968 
572 1656 
14089 14966 
5052 14966 
410 13554 
13878 2872 
11116 14964 
14584 14967 
4104 968 
2122 12054 
14968 1656 
4902 12719 
5291 140 
14969 1656 
13981 14970 
4631 14958 
43 14820 
7683 14970 
1890 14820 
14971 4500 
96 13543 
13543 13543 
