2905 7852 
153 138 
2136 5395 
1995 2594 
835 7850 
44 7825 
7854 7855 
7693 5623 
6359 6359 
1761 138 
4902 5623 
2481 2175 
4902 7855 
2481 7296 
138 2175 
7833 2175 
7856 5988 
7857 3189 
7576 7750 
27 7858 
7708 7859 
6161 2355 
7860 4845 
4158 7861 
3849 4104 
724 7843 
2554 2355 
4363 1670 
194 5395 
4631 3977 
2533 5623 
644 5988 
1790 7862 
5279 4114 
4407 7604 
3117 4114 
4902 7863 
388 4114 
171 7864 
7198 2801 
1761 1670 
2704 5116 
5493 7865 
7866 7767 
3095 5471 
4104 7867 
2714 2905 
2714 965 
44 7868 
