283 77 
146 576 
256 501 
565 184 
586 118 
102 571 
238 583 
238 204 
211 585 
562 84 
473 585 
587 585 
347 561 
256 585 
273 585 
486 561 
77 585 
504 301 
57 585 
238 47 
588 26 
110 501 
110 402 
27 106 
450 106 
150 248 
476 126 
559 559 
476 69 
43 1 
486 69 
589 69 
579 583 
438 431 
133 431 
5 406 
590 97 
15 248 
84 406 
562 406 
109 486 
591 110 
109 97 
29 5 
273 592 
57 304 
173 332 
575 304 
173 332 
555 402 
43 402 
131 106 
555 475 
593 592 
129 431 
594 497 
1 5 
137 406 
590 81 
44 26 
1 1 
121 583 
15 402 
121 332 
15 184 
158 202 
595 151 
123 4 
129 231 
550 151 
550 151 
44 4 
26 514 
532 26 
596 592 
596 597 
598 599 
110 278 
600 601 
153 599 
98 4 
546 57 
546 368 
110 57 
590 4 
602 211 
453 598 
475 110 
27 428 
603 601 
26 110 
604 26 
27 77 
