43 2370 
15781 6987 
14618 14145 
850 3607 
4274 15782 
2061 3607 
7617 914 
15783 2070 
15550 15623 
14584 14309 
77 15784 
850 14212 
1614 5127 
4274 7768 
2088 7768 
15785 15241 
2447 7768 
77 12168 
43 15784 
8735 15457 
15786 1241 
4297 15623 
8735 15787 
12791 14003 
8904 15788 
14618 7768 
7078 12168 
6577 10100 
8844 2105 
14584 1713 
11166 14003 
4643 430 
12791 2711 
14618 7768 
6113 6113 
14584 9238 
8948 15727 
15784 15604 
15789 15727 
4859 9397 
2559 2559 
13615 13615 
4952 10853 
15790 15791 
13985 13985 
4952 15792 
4011 15727 
2947 3308 
