2892 13628 
4631 2867 
7708 10228 
13606 13629 
37 5836 
13630 6721 
4990 4104 
4631 1355 
850 9391 
13606 10968 
567 13631 
1400 1099 
3607 3695 
850 13632 
2481 13632 
4011 13615 
13025 1582 
2481 1582 
4631 13632 
526 12299 
13401 2678 
526 13632 
7804 10922 
8669 13632 
4769 13633 
13634 13553 
13635 13631 
4631 12467 
8660 13632 
7078 2780 
9764 13571 
1995 155 
13636 9290 
9510 12467 
6241 13631 
4856 4918 
4810 13637 
13638 13638 
11590 13639 
4643 13633 
2867 2867 
4972 7791 
7503 4118 
13640 13633 
13320 835 
13133 12922 
6987 11504 
11038 2678 
405 13641 
12960 13632 
4643 2678 
1224 13638 
