11886 3497 
11886 3497 
8660 34 
1572 759 
12237 12238 
2215 2370 
2215 572 
7686 2519 
12239 11880 
3095 12240 
8819 12185 
11462 12223 
4261 12241 
12032 4104 
12189 12189 
5972 12242 
7686 12242 
2711 12243 
5972 12237 
5078 5134 
6806 6447 
11422 12244 
7804 10782 
12144 420 
2704 5078 
679 9391 
3095 12054 
34 4104 
34 4104 
6140 11281 
12216 408 
2608 11662 
12245 8787 
2714 11281 
2764 11281 
6577 11281 
1247 60 
12246 12244 
4633 4104 
11279 8655 
8660 12247 
154 12216 
6987 12248 
10447 8939 
9041 2157 
