3400 156 
2638 2704 
1522 2704 
1005 2704 
194 2704 
4952 3694 
1135 1032 
2021 4500 
1995 629 
248 629 
120 4049 
2811 4049 
4928 1129 
2351 4738 
2481 1032 
1259 4800 
837 4738 
2763 4049 
2092 571 
194 883 
256 1738 
2640 204 
4397 4953 
1402 4049 
4954 4828 
182 3765 
2315 2704 
4848 2856 
278 1032 
4955 315 
4883 3040 
3798 2114 
800 2717 
4848 3715 
4891 3715 
2958 2114 
3368 4956 
4353 204 
1759 2704 
4957 2157 
562 4641 
4957 200 
3781 4918 
4957 3177 
2640 1308 
3881 4956 
4297 4151 
78 4958 
2960 2218 
1 4958 
2267 1682 
2267 459 
3881 4959 
3881 4049 
2561 2561 
2267 4960 
4732 1560 
2535 1 
3239 4959 
627 4049 
3320 3614 
4072 2704 
4952 3246 
1259 4960 
3239 4049 
1888 989 
1753 3686 
1805 3627 
