42 5491 
47 5549 
516 5543 
74 1247 
726 5553 
4011 4962 
1853 5543 
5360 968 
2351 945 
4011 1355 
2704 5305 
708 4753 
4631 5553 
5481 5554 
961 98 
5279 968 
2760 1355 
2541 5305 
4297 945 
34 1247 
442 4962 
3034 1618 
1030 4928 
95 901 
5555 3065 
4972 98 
5356 599 
1890 404 
1248 5556 
5557 134 
4902 3852 
1030 3928 
156 727 
5052 727 
5356 2676 
5356 726 
4297 4214 
4975 4470 
5558 945 
44 569 
5559 726 
1696 3928 
4005 4856 
5560 98 
1015 2374 
5538 699 
3881 1355 
1939 2374 
5356 5561 
759 4048 
2090 5395 
5356 5395 
5279 3928 
2621 4381 
1947 1939 
1611 5561 
1951 2411 
3852 3945 
5562 5356 
526 5376 
3881 2411 
4744 1749 
5563 5376 
4914 128 
2388 2388 
2763 4421 
153 4421 
2411 4421 
