3798 4065 
1050 3132 
2215 2383 
3846 2195 
1962 1099 
3840 3649 
4066 881 
4044 2102 
2704 4067 
453 4014 
2704 4058 
43 3649 
3823 4055 
995 391 
453 4005 
3739 4005 
3248 4005 
1248 4005 
1611 883 
2234 4064 
1790 4064 
74 569 
883 3332 
3425 3607 
2114 4005 
1960 726 
3239 3332 
3932 726 
2608 2576 
3041 1995 
844 3997 
4068 3853 
368 3759 
2701 1611 
47 4069 
1050 4070 
726 4005 
4071 4069 
1499 4005 
1489 2260 
2548 2260 
1400 2260 
1712 2260 
47 4069 
2995 2260 
3881 4005 
3247 3759 
3095 2260 
77 4005 
234 4005 
1170 4005 
2351 4069 
4072 3485 
4073 4073 
135 4005 
4074 3759 
1784 1753 
4075 1753 
3686 4058 
3359 1753 
3320 1753 
3364 1753 
