2811 3195 
3100 3194 
2029 1228 
2763 721 
1062 1691 
850 1691 
2450 3086 
2629 1099 
877 3086 
3159 3193 
2957 1691 
2446 3086 
1463 1691 
3196 679 
204 1652 
47 2526 
2763 3086 
2982 3086 
257 3177 
907 1099 
1843 2986 
2548 2142 
692 1652 
1535 1691 
3159 2840 
3159 2789 
1050 3197 
2545 3197 
2896 3198 
1730 3086 
3064 3132 
2029 2029 
3159 2992 
1611 2992 
1611 3197 
3159 3014 
3199 2704 
2963 569 
2957 1691 
2896 2246 
182 1111 
1611 77 
1768 3086 
2957 2576 
3142 1111 
2032 1111 
3200 842 
1790 2156 
1767 842 
2450 842 
2450 842 
2725 3143 
47 2425 
2964 2370 
2963 77 
2215 571 
2267 3201 
1050 539 
1247 571 
2267 571 
3051 2370 
2411 1963 
2113 2573 
1187 1963 
2905 404 
412 1173 
757 1963 
1714 901 
2215 1247 
3202 1551 
726 2535 
3203 1247 
1099 2535 
1111 1111 
1769 2425 
3204 9 
