327 743 
281 109 
656 656 
708 720 
748 184 
748 184 
69 65 
507 743 
656 304 
390 656 
741 34 
77 656 
656 77 
287 168 
204 749 
188 140 
31 749 
517 665 
517 656 
31 656 
487 487 
31 193 
720 78 
110 656 
352 184 
273 168 
31 193 
173 309 
720 184 
728 332 
402 309 
104 309 
750 590 
751 168 
224 752 
9 682 
656 656 
15 141 
43 428 
352 77 
65 77 
129 77 
121 726 
708 720 
753 77 
429 168 
726 65 
109 352 
182 754 
238 352 
81 755 
726 723 
31 65 
224 352 
756 699 
47 749 
150 755 
720 723 
95 77 
121 48 
123 77 
29 752 
260 754 
562 77 
15 141 
668 723 
84 657 
726 300 
77 657 
173 657 
254 720 
517 755 
562 720 
675 1 
504 65 
43 300 
27 665 
757 723 
211 657 
549 657 
757 26 
726 758 
757 34 
562 758 
80 758 
287 721 
15 665 
524 721 
759 48 
158 741 
656 656 
15 168 
656 656 
575 720 
15 128 
8 755 
9 656 
488 98 
300 539 
760 65 
745 749 
505 657 
505 657 
14 749 
204 667 
110 539 
699 755 
43 667 
140 65 
675 129 
487 656 
43 758 
761 539 
236 757 
657 762 
728 20 
20 757 
153 80 
95 20 
20 20 
500 758 
140 20 
70 20 
372 20 
109 757 
720 20 
333 31 
15 31 
763 757 
745 20 
71 95 
77 20 
110 20 
