2758 3372 
1548 4902 
156 6744 
43 4363 
6365 5440 
153 5440 
1377 7673 
2704 6421 
77 7673 
89 5440 
3960 256 
1236 5440 
44 7667 
1890 6744 
8 5418 
1343 5440 
1350 365 
2704 6422 
5894 365 
459 7625 
7674 278 
526 7625 
4028 2704 
6474 6422 
1400 6680 
7675 4261 
44 450 
7676 4795 
1197 4795 
892 47 
7407 4363 
7677 2136 
844 7678 
3846 7679 
1805 4363 
2599 2599 
194 2704 
4643 7680 
4902 7681 
7390 7504 
4902 3201 
4256 2512 
6365 2512 
1352 7642 
995 3201 
43 7681 
3643 2473 
4810 2370 
1513 2512 
156 2704 
698 2704 
2383 5731 
1513 2704 
