734 4314 
2853 4290 
3419 446 
2210 3881 
2785 2029 
1522 3881 
295 3881 
2429 3881 
3419 3881 
3942 3881 
4297 3340 
4297 3340 
47 3881 
681 3881 
3942 3881 
2811 3881 
3680 501 
1201 3095 
3610 3881 
616 2554 
4263 3881 
877 3881 
1890 3881 
2481 3881 
153 3881 
1247 1139 
248 1139 
4297 1139 
572 3881 
3840 445 
138 1139 
2963 34 
182 445 
4687 656 
2481 4673 
1611 3881 
2029 34 
759 34 
569 34 
1177 4623 
759 34 
2029 34 
4682 4160 
4533 3686 
4690 4467 
3540 3686 
4691 77 
1343 724 
4692 1963 
4631 77 
2037 1760 
995 1850 
2983 2983 
1234 3881 
431 1139 
1797 3881 
1611 2982 
1790 4010 
4467 4072 
3425 3607 
4643 569 
3881 4072 
4510 3332 
2785 759 
3610 3332 
4693 3881 
2388 3881 
4694 2554 
4694 2111 
300 77 
2097 77 
4454 77 
1522 4695 
2388 3364 
2535 77 
1234 4677 
1522 4677 
3881 77 
98 569 
44 4223 
77 3285 
153 3285 
122 4696 
3480 4697 
42 42 
