1499 298 
1099 1987 
182 1978 
5 1990 
1991 298 
1855 1137 
850 1992 
1248 1992 
616 1978 
1052 1137 
1355 1137 
1638 1137 
224 224 
995 1355 
1927 1935 
872 1392 
1670 1993 
1994 26 
1927 433 
1326 1939 
1995 1988 
1727 233 
1009 31 
1996 726 
1670 1989 
1323 1699 
234 1978 
539 1392 
1400 1392 
481 726 
1400 298 
1525 1009 
81 1711 
194 1009 
726 1699 
1997 1711 
834 1009 
1542 1190 
1121 1989 
1099 1190 
1257 1998 
834 1998 
1978 195 
1817 726 
153 1711 
997 1999 
834 1998 
3 2000 
256 1009 
1978 394 
182 1978 
74 1714 
1931 279 
1209 2000 
123 834 
1541 1006 
1352 1190 
2001 151 
1134 2002 
2003 726 
47 491 
837 1531 
287 1934 
47 1531 
1326 1531 
1760 1173 
