5772 1407 
1352 771 
1704 233 
1542 539 
4220 3186 
5796 3186 
1138 3186 
1259 5731 
4972 917 
575 5977 
995 4613 
2211 609 
4934 726 
2996 2374 
77 2374 
997 1407 
1201 329 
5972 3186 
4769 5980 
5005 3186 
5492 1407 
724 120 
2022 120 
5981 5982 
238 97 
1259 2374 
76 5983 
1259 97 
1461 2146 
2122 1744 
4692 609 
1030 2704 
5478 1744 
4269 1407 
91 77 
5612 77 
5455 1407 
726 77 
217 1407 
3928 2704 
3881 5980 
2429 1828 
1452 5059 
5491 5984 
2287 5983 
2892 3186 
1050 2717 
1890 943 
44 77 
3950 5728 
4914 3186 
5126 382 
43 77 
2481 5985 
29 5986 
372 914 
686 3186 
5452 914 
4038 1407 
4072 2887 
238 77 
4072 4841 
