14549 17316 
10668 16631 
7895 12976 
10447 17317 
5972 17318 
2763 17297 
12190 17319 
17320 13907 
5972 17282 
14125 14125 
14125 14125 
2187 12605 
1300 17321 
16333 2704 
11845 2704 
2077 8449 
74 2029 
17294 13034 
17311 13034 
17322 1173 
17322 31 
3230 13034 
6380 7780 
15935 17323 
656 2704 
77 572 
17274 7522 
10865 2704 
17324 17292 
6286 11590 
894 2704 
5724 17325 
17294 12791 
5180 15564 
4719 17318 
15305 17326 
17300 3387 
7804 2704 
5724 17327 
4032 118 
2856 2856 
2827 7151 
14618 17328 
14187 14187 
17329 5630 
5180 5958 
5972 6524 
5972 17330 
17289 468 
