2351 5660 
4297 5660 
5661 5628 
945 5660 
5662 656 
5663 656 
4568 696 
188 3054 
5129 1741 
4751 799 
4005 696 
3540 4615 
3804 5664 
5658 802 
1105 1868 
4297 5530 
4256 4615 
1030 4797 
2429 5665 
4397 5666 
1611 4962 
5649 1749 
2541 128 
4297 2370 
4297 849 
4011 4962 
3986 5667 
188 3226 
112 2542 
3643 5661 
4464 5667 
1611 1582 
74 1310 
76 3087 
5375 3226 
5668 656 
1452 5669 
4692 5669 
1986 5669 
5670 656 
3394 5530 
1452 4281 
1522 1860 
5452 821 
2163 1525 
2479 2479 
4643 3928 
47 2542 
44 3226 
5671 834 
3159 5669 
4459 5672 
844 5530 
5412 5612 
2681 2681 
5518 5669 
2481 1749 
3219 5673 
5005 31 
372 5673 
2090 4722 
3317 3789 
