13494 11071 
4952 3723 
1604 13464 
1408 10378 
11038 3331 
6721 13495 
12986 3723 
850 13463 
2957 13463 
9028 3173 
3095 10406 
9639 12194 
11202 1468 
11038 3723 
3440 1190 
13313 11828 
6457 12194 
11038 11828 
2215 2287 
453 10710 
13313 11828 
9764 11619 
10424 5836 
13496 9736 
6334 4104 
4440 13493 
8827 2704 
453 6178 
1963 11619 
4397 11619 
11688 12194 
850 13497 
13396 13487 
2704 12194 
453 12194 
43 3173 
2281 12194 
5491 12290 
1108 13498 
6140 13499 
3411 2704 
8098 13500 
572 12765 
12036 11472 
572 11329 
43 11329 
13045 13501 
277 76 
13066 1436 
453 13159 
13320 9391 
13320 4072 
1532 13502 
13317 3835 
