1522 1377 
3553 7152 
3553 901 
4397 901 
2037 289 
7154 5723 
1343 5723 
3542 7155 
7156 657 
3051 7157 
2714 901 
43 749 
1851 97 
4902 7158 
88 7159 
6193 1991 
6073 6073 
1050 5723 
6965 6965 
6239 7160 
1343 7161 
194 6965 
1259 4200 
3953 7160 
1408 7161 
6459 7162 
4269 4714 
2550 76 
6443 2279 
3320 2279 
2053 1055 
2255 4593 
7163 3054 
6443 7164 
4643 664 
724 546 
1753 664 
4256 7165 
6316 7165 
43 7166 
5481 901 
644 749 
1995 749 
5180 7167 
2996 5381 
3320 2984 
6535 1805 
3320 3910 
7073 664 
7168 3542 
995 2749 
7134 6577 
