770 1531 
1257 60 
1993 798 
182 1978 
298 491 
2004 1319 
1499 151 
1993 1360 
459 70 
287 1993 
3 1927 
1760 27 
287 371 
174 834 
408 798 
724 371 
154 137 
1959 408 
224 137 
995 1360 
834 1257 
1927 865 
27 1257 
70 1698 
1890 280 
879 1257 
257 1978 
1880 408 
95 1978 
368 1978 
1030 1257 
86 865 
224 2005 
995 408 
129 808 
1050 77 
459 1978 
153 1698 
605 1978 
1884 408 
74 1199 
564 1959 
1209 491 
445 1977 
1 2006 
156 91 
273 91 
412 2007 
1321 77 
2008 1959 
388 2005 
1710 104 
238 569 
2009 408 
238 408 
1463 1247 
1489 408 
412 1173 
850 1247 
298 231 
1704 34 
1696 1257 
