5649 16539 
4952 19150 
7900 10695 
11038 18750 
15908 15908 
98 19151 
609 5968 
19152 1247 
77 17901 
1890 8588 
16539 2811 
77 8251 
2714 2811 
7708 1377 
850 1377 
19153 19154 
1890 10627 
18868 10627 
6551 1377 
616 16698 
2061 10236 
2894 16807 
18946 2811 
16179 4458 
19155 15591 
837 18750 
2534 2534 
19155 19156 
77 15322 
12791 2811 
2029 1408 
18248 575 
352 16938 
18128 18538 
1995 9342 
19157 2289 
9692 13914 
18352 14344 
439 7394 
11631 19102 
2704 19153 
15228 19158 
3394 9342 
2638 19153 
2351 9342 
18868 18834 
