17162 8666 
14262 8666 
1300 12047 
2481 8666 
12054 10750 
11315 17136 
4104 8666 
17163 4668 
17163 5291 
4902 8666 
158 284 
8987 8666 
5459 74 
4274 5478 
14496 17164 
14618 17165 
1614 6944 
9051 109 
1611 8666 
4261 8666 
14912 8666 
15400 15000 
14912 8860 
9510 2535 
10364 4962 
5365 8666 
575 8666 
453 17166 
17167 8666 
3086 4962 
6334 17168 
6646 8666 
6126 468 
7095 7095 
16768 16938 
11462 17169 
17170 1505 
10426 1505 
1962 2270 
3781 17171 
17172 2535 
4633 13917 
2811 8666 
17167 8666 
