995 656 
5972 2704 
850 919 
2447 7868 
9970 2704 
3607 9971 
5180 5522 
1050 656 
8819 1803 
3230 9971 
8945 3095 
7078 4633 
8945 5522 
6987 9182 
2608 9971 
1452 9972 
5305 656 
575 1803 
9238 9070 
9968 9968 
7028 3658 
3540 2704 
9870 7642 
2704 7642 
9973 9974 
7804 3095 
7804 9975 
4902 4944 
9764 1389 
9976 86 
7078 9977 
9978 2394 
136 9497 
4795 86 
8952 9979 
7407 2704 
388 2407 
3163 2541 
9980 9981 
5180 4611 
3935 2782 
4751 5127 
8376 9602 
4902 9981 
9982 5493 
2763 9672 
4902 9672 
6543 5493 
5180 4944 
5282 4958 
1352 9672 
4611 4611 
5127 5127 
1247 9983 
9182 4944 
