27 187 
947 77 
720 507 
15 20 
15 720 
850 50 
828 874 
667 431 
38 700 
38 969 
34 77 
925 91 
27 700 
473 976 
281 720 
67 969 
431 431 
15 977 
945 974 
720 720 
273 91 
322 20 
517 870 
814 949 
448 99 
539 978 
977 977 
650 969 
979 29 
950 20 
894 76 
957 77 
950 909 
346 506 
26 667 
980 978 
726 909 
337 76 
726 909 
675 675 
4 4 
539 981 
947 77 
616 901 
5 977 
285 909 
204 834 
140 981 
233 849 
979 140 
428 104 
173 849 
5 849 
14 569 
15 31 
982 926 
110 77 
983 76 
110 771 
27 943 
110 900 
810 949 
442 900 
15 900 
445 771 
308 135 
819 943 
726 135 
726 135 
822 943 
412 104 
870 135 
132 77 
960 77 
945 231 
984 77 
945 391 
829 978 
141 322 
985 309 
986 77 
656 77 
300 900 
844 135 
98 121 
675 273 
725 900 
459 273 
