719 656 
146 718 
720 65 
708 151 
720 186 
562 27 
721 27 
134 27 
667 704 
89 475 
15 704 
722 3 
459 27 
433 706 
74 283 
77 723 
720 1 
720 705 
720 724 
9 723 
447 233 
402 723 
487 487 
720 616 
31 704 
725 402 
726 488 
727 282 
711 34 
77 608 
43 282 
562 616 
656 77 
300 402 
80 722 
720 657 
193 704 
300 710 
31 110 
381 110 
562 110 
726 110 
27 590 
158 110 
708 616 
57 657 
47 110 
80 657 
517 657 
616 657 
708 402 
61 224 
121 188 
27 188 
594 188 
129 188 
27 77 
134 562 
722 77 
459 608 
389 273 
728 657 
27 273 
368 77 
43 193 
70 723 
43 618 
656 402 
711 392 
711 729 
158 730 
224 121 
121 29 
80 656 
20 731 
368 656 
368 656 
368 656 
368 656 
78 656 
47 656 
61 732 
406 732 
505 656 
57 656 
667 656 
656 77 
505 657 
656 656 
656 656 
123 656 
123 733 
158 77 
726 656 
109 656 
505 294 
734 667 
109 77 
140 710 
135 732 
140 656 
735 98 
238 656 
562 656 
728 98 
545 656 
238 109 
173 656 
287 406 
284 406 
500 656 
675 109 
43 723 
656 656 
459 656 
215 406 
204 656 
43 736 
372 656 
737 98 
43 667 
89 406 
675 109 
43 730 
29 406 
675 188 
720 281 
