1242 84 
1400 84 
1236 84 
1769 2266 
1890 84 
2411 2175 
2674 539 
2388 1656 
188 1291 
2675 84 
539 2604 
2629 2676 
1691 1173 
2598 2029 
2677 2157 
2281 2425 
1050 2604 
2515 2570 
690 84 
2515 84 
1135 2678 
95 2672 
2679 2029 
2515 2678 
459 2680 
442 77 
504 2307 
2195 1408 
285 2425 
504 84 
2214 347 
2548 84 
1400 2157 
1611 2157 
459 1656 
2681 2029 
641 1173 
204 2369 
77 2157 
2281 2157 
1259 2157 
2548 1638 
2548 84 
2681 2032 
2480 2157 
656 1526 
442 2157 
656 84 
1247 2157 
2608 256 
2267 2179 
2267 2421 
1368 2157 
572 2369 
2682 2157 
2070 2070 
238 1791 
1784 537 
2214 2671 
2548 2671 
1247 1015 
2021 1015 
298 1015 
546 2179 
569 1015 
850 2683 
1134 2157 
2021 1791 
892 1015 
140 2307 
2267 1791 
2267 1015 
708 2684 
850 234 
153 2157 
687 234 
850 2157 
153 2685 
1234 234 
157 1199 
140 2685 
2599 2157 
1241 2570 
2113 234 
2043 2570 
2599 234 
2682 278 
1542 2674 
153 2468 
74 234 
74 234 
2686 2157 
459 2526 
1489 2673 
1768 2526 
