16333 19612 
17262 19613 
4589 4589 
1352 19614 
17911 664 
3607 12281 
11462 16315 
77 14818 
77 16315 
76 76 
19615 18822 
7186 4079 
5093 1963 
5397 5397 
5180 19616 
19617 2216 
1350 7735 
2704 431 
2963 77 
1611 7735 
18183 6457 
4297 6443 
16359 641 
14308 4079 
14308 19616 
2717 2216 
12194 3807 
13615 13615 
13615 13615 
17140 7485 
19618 17072 
5375 6246 
12027 3807 
2061 3807 
6721 17448 
734 3807 
12130 19612 
4952 15697 
19619 13024 
14998 19460 
6551 19620 
2481 19620 
29 19621 
19333 3807 
10537 10855 
