4793 1691 
1541 4790 
4787 4790 
1030 1465 
3170 4794 
2704 2278 
2017 2278 
4261 2704 
1408 3881 
2785 224 
2711 4795 
2711 1271 
3425 4795 
2640 1 
109 1465 
4796 2278 
1995 1560 
2717 2704 
2351 1351 
4072 4072 
1696 4797 
4072 4738 
800 2704 
4643 507 
2717 2704 
870 4072 
4798 91 
4779 1139 
2392 4738 
1768 66 
1611 4738 
4799 4790 
835 4738 
2640 248 
4799 960 
4059 4738 
4799 4738 
2640 26 
3415 507 
4391 91 
134 4593 
3877 2535 
84 4593 
98 507 
1009 4800 
3885 91 
4785 4801 
2640 2281 
2640 298 
3798 4800 
3935 4800 
1714 4802 
1760 4737 
4791 118 
3825 4803 
4383 4086 
2061 2711 
4779 2285 
4727 4737 
4744 4804 
4779 522 
4738 4805 
3627 4805 
2021 4805 
138 4805 
4059 1909 
1890 3881 
2021 4685 
3881 4685 
4643 4685 
4799 782 
4799 728 
