5972 15055 
1985 18056 
4902 15055 
16333 15055 
549 18057 
2714 15055 
6530 17999 
616 15921 
5518 12156 
15616 9238 
17913 17913 
894 10871 
37 10667 
11197 17847 
17916 17847 
18058 69 
1985 11666 
15748 15921 
1611 10871 
17243 18055 
4714 13615 
5972 12156 
8038 10871 
3781 15632 
12320 10411 
15935 18059 
15920 15921 
14976 4569 
835 18060 
7050 1522 
7050 18061 
15231 704 
17294 18062 
2252 6796 
9715 18063 
5459 9334 
8660 77 
8568 13386 
2947 18060 
15550 18064 
3320 18064 
18065 17088 
465 18066 
2599 77 
12385 18067 
2671 1539 
16346 2681 
15835 18059 
343 3881 
6241 1539 
3607 11926 
