1075 1052 
726 1076 
445 1068 
966 1021 
368 1076 
546 1076 
775 912 
966 1074 
43 704 
71 1050 
609 1050 
555 1050 
609 1077 
1078 571 
1079 1052 
445 211 
77 1077 
504 211 
389 1015 
517 517 
995 1080 
43 1080 
935 1077 
1021 128 
31 450 
759 77 
504 1077 
31 1071 
609 725 
1021 1071 
724 445 
595 1081 
609 1082 
2 1071 
599 1077 
1083 128 
966 966 
935 1082 
668 1084 
31 1084 
15 925 
74 569 
44 569 
916 1080 
1085 1082 
966 1084 
124 1086 
726 1086 
15 20 
412 704 
1087 76 
726 450 
110 811 
20 1074 
38 811 
687 1052 
569 187 
187 811 
544 811 
236 450 
925 20 
204 811 
526 419 
726 20 
725 1084 
644 724 
238 811 
