273 332 
37 29 
370 128 
86 371 
233 146 
26 332 
121 289 
365 332 
44 146 
333 223 
77 332 
26 44 
141 146 
1 146 
102 37 
372 199 
102 26 
333 26 
204 373 
26 373 
321 213 
26 374 
26 288 
375 373 
9 1 
81 26 
133 146 
376 26 
96 374 
42 128 
264 58 
302 355 
204 89 
150 288 
182 26 
194 146 
182 58 
27 89 
121 89 
377 128 
378 1 
123 4 
75 379 
299 373 
380 178 
29 1 
299 367 
43 328 
244 1 
69 374 
69 128 
5 1 
224 121 
26 128 
381 288 
27 99 
1 382 
48 194 
357 288 
382 328 
340 304 
321 328 
299 128 
75 304 
44 304 
236 194 
157 204 
167 367 
383 208 
321 382 
162 204 
384 128 
332 304 
385 7 
386 367 
95 304 
224 121 
102 4 
55 328 
268 382 
43 386 
80 304 
43 386 
122 81 
86 204 
44 204 
146 81 
387 328 
102 43 
245 26 
386 135 
388 94 
26 135 
26 81 
139 1 
352 9 
389 135 
44 135 
390 332 
204 273 
9 1 
2 1 
129 391 
1 391 
392 77 
278 1 
20 304 
199 273 
123 77 
20 332 
264 393 
244 393 
148 89 
104 44 
129 391 
387 328 
236 159 
394 110 
80 289 
184 289 
395 110 
281 121 
333 396 
211 396 
114 48 
378 1 
204 231 
244 208 
171 4 
397 77 
43 231 
298 398 
399 44 
43 77 
94 77 
43 159 
245 204 
390 77 
389 77 
400 27 
370 26 
77 401 
138 93 
304 289 
5 402 
83 77 
304 26 
134 176 
299 77 
134 402 
365 402 
134 135 
372 199 
134 231 
27 27 
389 167 
403 393 
404 386 
3 44 
3 44 
