4199 1494 
2714 1738 
2999 1957 
1890 4293 
2999 1957 
2999 1957 
4125 1190 
368 1190 
2411 3332 
555 679 
27 4476 
4297 4474 
850 656 
1890 4476 
15 2764 
1509 173 
4297 127 
1509 1015 
4477 4477 
4076 1288 
293 1288 
4297 667 
278 77 
2416 4119 
2643 127 
2 127 
995 4478 
759 4470 
4475 77 
2664 4220 
850 726 
3364 4220 
2643 2114 
1541 4119 
2704 2704 
850 759 
3095 4479 
877 77 
156 4293 
4220 4405 
4450 1803 
4480 278 
4470 1 
4297 4405 
15 2554 
1985 1917 
15 4297 
284 4119 
3689 2554 
2868 2554 
4397 31 
3928 1728 
4397 4481 
1371 1917 
2061 4482 
935 3881 
388 513 
15 309 
2429 1768 
44 31 
3320 1768 
1050 4483 
2856 4119 
1248 726 
2957 1691 
1805 4483 
3512 4466 
193 1768 
15 1458 
1108 2576 
2608 138 
4484 1 
3798 1728 
1951 2535 
4199 4485 
1452 4483 
616 3765 
3881 278 
153 1458 
4486 4481 
