13797 13798 
7202 13799 
6174 13800 
1890 696 
4682 13801 
12394 2256 
372 13801 
11038 6683 
11038 7780 
8922 48 
850 13802 
6241 13803 
5375 5375 
13386 13386 
5279 13803 
13804 98 
5087 13805 
8634 9705 
791 900 
3986 13792 
12194 2559 
1050 13806 
12194 2559 
3008 10968 
4769 1582 
315 13807 
8904 60 
1738 13808 
856 12765 
12054 12194 
13388 12194 
4751 13806 
10668 12141 
13809 7139 
4952 13810 
5640 13811 
10537 12079 
4643 11068 
412 34 
2758 134 
8098 6721 
6248 2344 
111 13812 
13813 13681 
13793 4593 
1851 13811 
