708 4186 
248 1 
837 1525 
1738 1242 
14 1247 
726 1 
3239 4430 
2394 77 
3239 4417 
2098 4431 
2411 1242 
74 138 
3588 656 
3540 4077 
15 1598 
15 288 
445 4245 
4297 298 
1197 138 
15 3773 
3540 4432 
3781 4076 
2717 4076 
3789 4076 
2061 1356 
2481 1356 
2729 77 
2481 3489 
2711 1356 
84 4433 
2421 4428 
3643 4434 
850 3247 
724 4245 
2963 4056 
4419 77 
3823 4433 
4435 4428 
2278 2706 
724 1951 
459 4056 
575 4397 
4261 4415 
4297 3435 
1005 4056 
575 294 
445 4432 
4436 569 
4391 4437 
159 894 
20 4077 
388 159 
2214 4186 
47 1957 
3291 629 
3247 629 
1291 4438 
473 629 
173 629 
569 1015 
3643 3643 
3627 4186 
1236 3643 
3627 3333 
3823 629 
4439 895 
4273 4273 
4440 3435 
2061 2136 
687 2136 
3593 1598 
