2351 6048 
5651 2618 
3736 724 
6057 5218 
1867 5218 
5772 679 
5772 724 
656 724 
656 724 
656 724 
6190 1264 
575 6187 
2764 6187 
6056 6056 
3008 4686 
6191 6192 
3008 724 
586 724 
567 1099 
724 6056 
153 116 
2763 1580 
4902 4381 
6193 3977 
389 1527 
1643 6161 
1696 6187 
1259 1527 
1611 1580 
3086 6161 
1611 116 
995 1643 
1400 5723 
2246 6187 
5180 5723 
1893 3671 
995 6194 
1669 1633 
5186 6189 
1754 6134 
6166 5723 
3953 81 
5185 1643 
158 372 
3627 3086 
3540 4381 
4399 724 
27 772 
555 6194 
3540 6194 
2215 772 
572 772 
905 724 
44 4593 
902 1070 
6195 539 
2215 1351 
47 772 
572 3977 
2960 724 
3285 724 
3881 2491 
173 5253 
6056 724 
2629 6196 
2856 1070 
2083 335 
47 6196 
6056 6056 
6197 1086 
4631 1086 
3877 6056 
2351 2110 
34 6134 
6136 6198 
157 724 
572 6199 
656 1086 
1239 6200 
724 3455 
6201 2187 
1309 1086 
844 679 
1963 724 
