5717 903 
3095 6641 
4407 6641 
6642 1 
4643 1099 
6241 1 
2090 3532 
6241 1 
4163 1 
3846 903 
6359 6641 
34 1173 
2599 6643 
71 6644 
6645 1 
453 6053 
2599 6646 
616 6644 
71 6251 
1099 6647 
708 6401 
933 1 
834 1 
1259 2594 
793 834 
71 6632 
5095 1784 
821 6648 
2963 1 
2588 4032 
74 4178 
6649 405 
2811 6650 
74 6632 
2739 4032 
4269 2576 
6551 1582 
6650 6650 
1867 4178 
5783 716 
6350 716 
3102 2673 
3102 2673 
546 532 
4407 6647 
6651 1360 
118 118 
6652 4505 
1480 118 
5518 1582 
4643 5731 
2447 2425 
2892 405 
4643 2425 
1943 2425 
284 3077 
1890 5731 
42 312 
2714 312 
