84 2782 
1259 5642 
3553 2782 
3881 571 
1751 2923 
1890 1041 
43 5482 
4397 2782 
2621 4596 
2092 1041 
1259 5643 
2429 5643 
4011 5625 
3291 5482 
2725 5085 
1509 4596 
2760 5625 
850 5084 
1961 5644 
1890 5644 
4779 1228 
4891 5085 
77 5482 
5645 5085 
4297 5482 
4962 2856 
2481 1170 
5646 4962 
995 2535 
4891 575 
1589 4397 
29 4397 
5647 1525 
4902 329 
4692 4962 
29 5644 
656 4397 
2670 4397 
1452 1045 
15 118 
4975 2875 
1248 2875 
4470 2875 
1248 1170 
1611 1458 
1234 3292 
2411 1458 
3320 5424 
1890 118 
43 3292 
4397 5424 
2411 3863 
372 3863 
572 1682 
1853 1682 
850 1170 
1768 1682 
