10002 10003 
9479 7552 
724 2704 
7804 10001 
835 9479 
7804 9479 
3986 4765 
9070 914 
4072 9479 
7804 1890 
89 5282 
7804 9182 
8778 9173 
1270 1587 
6174 10002 
9238 914 
6248 5282 
8251 2029 
9316 9753 
10004 722 
4902 722 
4902 1890 
4072 722 
5127 2374 
10002 10002 
5171 8809 
4631 1963 
5971 1890 
4756 5375 
4960 140 
1611 7804 
10005 7804 
539 1234 
1108 9736 
2215 759 
4397 9411 
3095 7804 
10006 10007 
8431 10008 
6821 3825 
894 1963 
4027 720 
71 5375 
2394 2394 
3095 8457 
2474 8457 
8952 10009 
1247 10010 
153 10011 
6126 7641 
4011 8457 
8276 6152 
8276 10012 
4902 10012 
4458 278 
