2785 47 
2633 2853 
44 704 
245 1797 
2857 2858 
332 2853 
2021 2859 
442 2860 
442 1408 
734 1959 
15 2374 
1343 2860 
2725 1408 
2861 2554 
2229 2853 
34 1408 
2861 2862 
850 1248 
1541 1797 
2389 2844 
2021 1860 
1400 2554 
1768 2374 
2277 2374 
850 2863 
1638 2374 
2763 834 
2029 834 
2229 2844 
569 834 
785 834 
504 2863 
1595 34 
2113 2711 
526 2864 
459 1860 
1489 2554 
726 2374 
2548 2374 
1247 834 
1050 2279 
2865 2612 
1760 2864 
2535 1 
2725 2374 
2763 184 
2608 850 
732 1 
2608 1767 
2763 2157 
2763 2157 
2763 2157 
2704 927 
537 184 
2827 2157 
2763 2157 
2597 1894 
1050 2157 
679 2157 
1995 1247 
128 2157 
2763 2157 
1890 285 
1197 2157 
2725 2157 
2608 2157 
862 2866 
346 2867 
2725 2157 
47 2867 
2765 278 
2868 2157 
2252 2157 
2629 726 
2725 726 
1813 2765 
337 726 
508 1767 
278 2157 
1099 726 
2029 726 
346 1939 
89 2599 
2450 2869 
