2099 20 
98 2136 
1108 947 
1805 2527 
153 2073 
1962 1190 
2215 1247 
1489 1939 
2322 1029 
62 1939 
1030 20 
2021 1323 
86 1323 
2113 1323 
459 1323 
47 1939 
312 20 
337 2374 
182 283 
2474 2319 
1408 2517 
129 2528 
901 20 
173 2264 
271 806 
768 2374 
879 2469 
987 2374 
1805 2529 
569 1963 
1246 1963 
850 1963 
504 1963 
44 220 
2530 1963 
1768 220 
679 1963 
34 1963 
901 679 
459 220 
1768 1963 
459 2531 
2319 2113 
121 2531 
2421 2517 
2136 1518 
2532 1727 
2533 1759 
546 233 
2534 2535 
368 233 
1550 2439 
539 1542 
537 2264 
1761 2113 
412 368 
1762 2536 
546 2457 
333 2113 
793 2457 
2512 1963 
1927 2537 
368 2537 
2216 2457 
123 2537 
400 233 
153 1963 
1966 2457 
2215 987 
2538 561 
70 815 
1761 1192 
2370 2370 
84 2256 
1259 815 
312 2457 
708 2256 
2351 1029 
76 539 
