5972 134 
346 5400 
2704 6034 
2658 6123 
1352 134 
4397 5989 
4756 4756 
6211 134 
138 134 
1045 6246 
2429 2370 
609 134 
1379 5625 
4769 5625 
389 2535 
2640 5883 
2548 2179 
2681 134 
6268 34 
2136 5883 
2711 6166 
2905 5883 
6268 3519 
5717 34 
6268 1121 
901 134 
3877 537 
708 6278 
1521 4414 
1738 134 
43 2370 
586 4178 
1197 4414 
6268 4868 
2892 3881 
6268 3167 
6279 4799 
47 5883 
248 5883 
6268 1589 
3333 4692 
405 134 
5356 134 
2481 6280 
1611 134 
1352 81 
6281 6280 
27 81 
43 6280 
759 6280 
442 134 
134 81 
4902 6278 
4988 1407 
3093 1407 
5591 6282 
5717 81 
2629 5402 
1985 6283 
2061 6284 
2429 6285 
2569 5883 
315 368 
47 6285 
6286 2711 
6263 278 
2964 6285 
5298 4593 
5087 2382 
5731 6287 
6288 4405 
2763 1522 
2763 6285 
1291 6287 
1762 4367 
1980 6285 
2351 6285 
372 6289 
837 3364 
2459 4902 
1108 284 
2246 3285 
6290 1437 
315 71 
1521 71 
2370 2370 
112 6285 
544 6287 
6291 4902 
5499 6285 
43 3285 
389 6285 
2599 6203 
2397 6287 
5113 4902 
2599 71 
57 4902 
6126 2704 
