1995 19295 
19562 18478 
403 2551 
850 19333 
850 19333 
8796 14653 
8660 9479 
2061 18140 
4795 4795 
19563 19564 
5180 11992 
3781 2704 
19565 727 
6334 1701 
15362 726 
77 6246 
19566 19567 
19568 16278 
7578 6177 
5180 12967 
5972 19569 
8276 10426 
11038 15640 
3686 370 
14618 15835 
10546 9479 
13801 19162 
14128 18464 
6193 18555 
850 3807 
19350 11992 
18006 11992 
1228 60 
19548 12791 
18352 13082 
19356 18464 
11038 4122 
34 4122 
3239 13082 
4134 19105 
19570 19571 
19572 15563 
19573 4344 
