6126 13273 
13274 537 
3230 2175 
6551 2175 
6510 3881 
34 34 
724 34 
13066 2214 
4011 8774 
1197 537 
2704 894 
2711 3230 
13275 11779 
13066 3928 
8660 894 
11469 894 
84 34 
1890 11329 
410 537 
8454 13276 
4972 11779 
7251 13219 
605 6241 
1951 13277 
4631 3024 
835 13277 
10189 11329 
11845 894 
13278 4683 
4719 4683 
13279 7919 
453 13066 
5 537 
856 194 
12999 12999 
5504 894 
5493 5493 
5649 5649 
572 3287 
13280 6241 
526 5204 
3553 34 
1234 2102 
1985 11673 
1215 13249 
2758 894 
1177 13281 
1495 10922 
2879 9632 
1604 13282 
12617 11839 
1197 11839 
10659 4458 
1215 13249 
12117 12117 
12117 12117 
6721 894 
13283 13284 
8098 6980 
6645 13186 
