2974 5731 
6126 6966 
4952 8816 
7804 11672 
8937 11673 
11197 11674 
194 11631 
9461 11472 
11197 1190 
4407 6827 
1513 11675 
1951 11675 
3847 7178 
8772 5731 
11676 571 
8772 11662 
349 11677 
3798 7178 
4497 10166 
1248 3222 
11678 10406 
2963 11679 
11305 253 
138 2785 
1495 5204 
5478 11559 
7447 11559 
1050 7234 
7522 11559 
4698 4698 
4934 10418 
4934 11662 
453 11413 
759 10418 
11680 571 
8904 11671 
7503 2526 
10482 5204 
11462 10047 
2267 11677 
2267 6827 
10537 6827 
2879 10166 
8948 11488 
1632 2681 
3781 11681 
7735 9877 
1361 9877 
3928 5408 
74 571 
10129 2681 
2963 5408 
4011 2681 
84 11682 
10659 11683 
8904 11683 
44 4048 
7753 11684 
8819 5701 
11559 7901 
