10659 9689 
6425 908 
2714 11743 
6358 10659 
11462 9276 
7804 9276 
3261 11744 
1343 11743 
759 9276 
4952 11663 
7078 9276 
11745 11746 
14 11744 
6551 3230 
7407 11746 
850 3230 
3071 11747 
2481 3230 
4072 4902 
850 5092 
11731 74 
10644 3451 
199 3451 
726 3451 
6193 9276 
9639 199 
1234 3451 
11688 7273 
6126 11266 
1248 6672 
3881 11461 
10580 10572 
4633 3451 
3291 11748 
2717 2704 
4732 11749 
11691 8667 
8376 11750 
11740 11740 
3881 11751 
406 10078 
11752 11751 
111 2281 
3608 11753 
11265 11299 
9276 433 
3431 8414 
5518 4951 
6316 11753 
4381 4381 
2481 9479 
7407 9479 
11754 5499 
10659 10078 
2714 11755 
11756 11104 
5093 11757 
43 11427 
