1927 77 
121 2210 
1248 2210 
199 802 
1749 446 
368 77 
44 1291 
724 2239 
182 2239 
708 2240 
539 1923 
1352 2239 
189 2240 
2241 2241 
726 2242 
1099 2241 
2234 2242 
1300 81 
47 2241 
20 768 
1927 2225 
903 1045 
2029 890 
726 2243 
278 870 
224 2244 
1030 1520 
287 1267 
84 1267 
1714 1247 
98 2244 
877 2241 
224 121 
44 77 
1696 26 
905 2245 
2246 2225 
2234 1247 
2247 13 
2234 90 
2154 90 
77 2154 
1371 76 
1368 1951 
509 1951 
2164 569 
1189 569 
1300 98 
995 2154 
2248 76 
1839 76 
690 2239 
2094 2241 
2155 1749 
459 2154 
804 1749 
2088 1749 
1890 1753 
2145 989 
1052 1753 
2246 1761 
726 609 
1542 798 
575 26 
2249 1377 
2195 1377 
850 1377 
