1978 1712 
1978 1272 
238 656 
1805 656 
726 1959 
1959 726 
220 220 
1979 1959 
194 665 
1050 1959 
3 77 
1980 110 
1761 1981 
837 77 
1365 539 
1197 1052 
1714 1770 
1845 1981 
1880 298 
294 77 
1951 665 
726 1982 
793 821 
1307 1983 
1784 298 
530 1981 
1400 298 
1638 1983 
564 1874 
81 1981 
726 1874 
156 1874 
1638 391 
1225 298 
97 1582 
726 1874 
77 1874 
1009 1046 
31 1046 
1352 279 
1343 821 
1981 1984 
8 1978 
822 233 
381 279 
1352 1981 
1352 1981 
1866 110 
1727 233 
1618 1046 
905 77 
532 1427 
1985 539 
1784 1978 
1134 1986 
278 1978 
1036 1987 
97 1988 
1870 1987 
591 1987 
1927 1989 
81 1978 
1009 1046 
1032 77 
153 77 
1365 1234 
182 1987 
223 1978 
