9470 9236 
1248 13140 
4416 13148 
109 11573 
4769 8036 
3636 901 
12422 13140 
7078 13149 
12570 4545 
3230 13150 
1962 13151 
5649 13140 
1291 2256 
10659 13152 
757 13153 
834 2256 
4104 571 
1532 4073 
4451 12602 
5968 5968 
7078 11559 
13154 2905 
7878 13155 
1352 4735 
13156 4795 
1036 3024 
7804 9375 
11038 8036 
2397 2136 
11038 3502 
1784 530 
9846 3024 
12027 13150 
995 11886 
8660 9236 
613 11559 
13157 2136 
8922 10277 
12316 13085 
8819 10204 
8415 8415 
572 403 
3295 12768 
648 13158 
1890 9375 
4593 5249 
4104 403 
5972 4735 
6551 12316 
6549 77 
3438 13159 
