526 11856 
9276 9705 
1890 11068 
346 3320 
11829 11829 
2892 7735 
4625 11847 
616 11654 
153 10106 
5972 10388 
3540 11861 
372 10388 
11862 2727 
4122 4699 
11857 11710 
34 4699 
8660 11863 
156 10886 
6241 11864 
10659 11864 
2481 11865 
84 6209 
1664 10398 
575 11863 
81 10398 
312 11863 
877 11861 
11724 768 
5305 877 
3324 11825 
11038 10831 
293 2727 
1525 11162 
7940 456 
4990 11825 
708 7975 
465 11068 
2758 989 
11789 3497 
3222 3222 
5093 11866 
3359 11867 
11868 1115 
2714 11869 
10659 11870 
4972 5230 
