1135 2096 
907 1843 
1209 1753 
1 2100 
3 1760 
850 287 
539 1583 
1890 1723 
27 1760 
1248 287 
776 1682 
776 1594 
1352 586 
1259 1583 
1790 1418 
1995 280 
1291 280 
562 2101 
298 1594 
2021 1951 
1611 1321 
1768 1682 
1749 2101 
1727 280 
586 2102 
687 1951 
726 2102 
734 280 
1682 431 
278 646 
1761 431 
1032 1951 
1761 1951 
121 1761 
368 2103 
1727 448 
1248 1032 
136 431 
1547 2104 
526 2105 
679 84 
850 1032 
274 1 
312 84 
459 448 
690 646 
2072 135 
1978 2105 
539 2106 
2053 1233 
44 34 
2021 1170 
412 2107 
1760 169 
2094 34 
1338 839 
400 27 
287 2108 
1215 84 
734 2109 
2053 1560 
1352 2030 
204 1769 
1522 1769 
1702 656 
76 656 
2088 2109 
575 169 
1843 2110 
