575 11375 
2429 9809 
122 11370 
2275 4104 
4568 5883 
11376 4633 
4397 2175 
1197 3607 
5882 2856 
1190 1190 
9238 8840 
7073 5087 
8660 8840 
1509 9393 
7790 10442 
616 4497 
11377 6152 
453 935 
4206 11378 
9764 11379 
5418 11345 
3540 10907 
6334 10907 
10447 2370 
894 6152 
4477 11357 
4251 2370 
10853 11063 
3797 2370 
5623 11063 
7407 11365 
4477 11380 
1952 11370 
3394 256 
7878 9719 
3643 11270 
2240 5116 
1197 11381 
11270 4633 
4011 11382 
1138 5033 
6359 10424 
7708 4073 
2892 8028 
850 3222 
8660 11383 
5518 3222 
11209 5116 
453 2416 
5493 442 
5298 9719 
5298 9719 
6358 9719 
6645 11383 
3643 11270 
5279 9051 
5087 9334 
4048 3222 
10447 11380 
1513 1248 
10447 2370 
256 1248 
