9510 74 
19021 1902 
19022 901 
3781 16485 
14818 4579 
8276 18312 
2535 19023 
19024 4924 
9238 15031 
3781 6813 
6126 18312 
8655 8655 
19025 18747 
2704 19026 
724 19026 
3781 19027 
16333 19010 
10881 10881 
6516 15209 
4902 19028 
4856 19010 
13934 8007 
14618 6457 
10216 10216 
1664 1163 
19029 5057 
5279 19030 
6551 11624 
12054 1618 
9715 10424 
1738 10216 
1738 13024 
15564 13543 
1495 18750 
4407 17000 
2758 19031 
14279 530 
19032 18153 
6126 2704 
850 3807 
6510 15031 
18991 17553 
4924 278 
