2021 1163 
2963 2923 
2474 278 
1618 347 
312 2923 
389 1163 
2982 2977 
1248 3077 
284 3077 
872 1355 
1910 2450 
1248 2875 
2725 3077 
1890 3006 
1032 2875 
1890 2479 
284 284 
400 400 
173 459 
194 459 
2843 459 
2637 459 
1784 1951 
850 2479 
901 808 
2548 2811 
368 2479 
3078 886 
182 2479 
256 278 
850 569 
3079 347 
2481 3080 
1321 2811 
1309 2479 
138 569 
2450 3081 
158 3082 
2763 3081 
3083 3080 
2548 459 
2548 459 
3083 1032 
2850 459 
687 3081 
1507 1507 
445 1050 
3084 3081 
2236 2811 
2725 3081 
81 1863 
1760 1170 
1638 2071 
2760 2474 
1237 1170 
2252 1170 
609 3085 
1259 1259 
3086 15 
2957 537 
2884 2450 
2029 537 
2957 2474 
2763 537 
2751 808 
2964 2102 
2216 2102 
