1890 9959 
29 12452 
4104 9364 
158 9295 
5192 2407 
9238 8840 
1300 11712 
12430 12194 
1300 12453 
925 12452 
877 12451 
12454 12454 
153 12455 
850 6672 
2704 2049 
256 12455 
12194 12194 
1248 10297 
4756 12368 
11190 11190 
5375 10220 
4631 9370 
12194 12385 
2486 11195 
850 12028 
12199 12385 
10644 968 
2704 6623 
850 11092 
12194 12385 
726 10220 
12194 2732 
537 4633 
12194 7008 
10537 4680 
572 12312 
1851 968 
7078 4680 
1985 7804 
6126 8330 
224 8330 
12456 3929 
850 12026 
8787 11092 
