4902 8226 
4902 10658 
5972 10658 
1556 10608 
10659 7447 
10659 468 
10659 4005 
3230 8120 
10660 10661 
4128 9747 
6316 9747 
757 8226 
5418 2704 
850 2704 
3018 2704 
1542 4795 
7878 10662 
10659 4381 
1138 10663 
8067 2704 
10659 10312 
10659 9115 
2061 10661 
10659 2070 
1784 4633 
10659 6178 
1138 10664 
10659 6669 
10659 4421 
1352 2704 
10659 5424 
10659 4369 
10659 2714 
10659 1288 
8819 10312 
2608 10542 
10665 9747 
111 3497 
609 9494 
6599 1288 
8120 10645 
10659 199 
850 10645 
10659 9398 
2550 10666 
4104 10662 
