2351 7640 
3320 7640 
13806 10497 
1108 5087 
6126 15835 
15903 15679 
526 10853 
1995 6370 
3230 14212 
4810 4810 
14089 4888 
7804 15889 
5130 726 
9238 13024 
6370 2370 
15470 15894 
10085 6629 
13011 15894 
445 4516 
14354 15904 
15481 15904 
10659 12985 
7804 15905 
13862 15906 
15481 2938 
4297 15905 
10002 10561 
10840 15042 
15907 3097 
15907 14571 
15907 15432 
15907 14571 
15907 13571 
14584 14823 
372 15223 
13917 14636 
2638 5493 
15907 11559 
4952 15908 
14557 679 
14557 1656 
15909 20 
