81 1330 
43 1036 
894 901 
121 224 
346 1330 
1328 1010 
43 1234 
1259 1010 
43 909 
995 1331 
43 837 
1326 98 
86 1331 
1326 1162 
569 808 
43 278 
616 1332 
1121 1332 
1099 1333 
724 1334 
1326 569 
616 1335 
564 1335 
1013 1162 
1032 1335 
187 1335 
609 1335 
134 571 
402 1335 
1 539 
1030 31 
57 1335 
402 26 
38 1335 
8 1335 
204 1336 
503 1336 
726 1173 
34 1173 
459 204 
569 347 
564 204 
204 204 
688 347 
726 1337 
907 1337 
26 1335 
299 278 
459 1234 
550 1335 
459 347 
1338 1324 
1134 347 
1338 1339 
388 224 
539 1335 
760 1234 
1225 1335 
1237 726 
134 347 
459 1170 
300 1335 
194 1339 
154 347 
27 347 
1323 332 
368 1173 
109 109 
81 1323 
402 347 
81 347 
