10293 2713 
346 6113 
138 8585 
5086 4786 
7078 10302 
5518 11296 
11249 1449 
5518 11298 
726 5375 
9870 8443 
4902 8207 
7576 6443 
2758 335 
410 11299 
84 7542 
6126 11113 
10537 11300 
1851 6113 
10302 9581 
5972 11301 
11019 184 
5972 11302 
11303 11260 
1352 11301 
7804 11304 
4007 11137 
726 11304 
5972 4786 
575 3637 
5972 11305 
5452 11137 
1509 917 
4297 6113 
835 11306 
4633 3698 
2275 11307 
10853 3852 
11270 11308 
11309 11195 
835 11310 
613 7447 
4593 1163 
1738 8840 
1352 11308 
1309 6034 
11311 11242 
11279 6034 
11038 4446 
3051 11312 
8376 3929 
3230 3230 
10646 6499 
3295 3929 
613 3636 
850 11313 
89 11276 
10002 5812 
