5253 431 
1768 7320 
7907 1006 
132 7908 
7909 6775 
2633 7879 
238 304 
1190 431 
7708 3425 
4902 7906 
6358 1173 
4902 6034 
7767 6034 
4011 6034 
1343 1190 
153 6034 
6358 6034 
4902 6034 
6358 6034 
6846 7910 
6846 6034 
2022 1163 
6751 6034 
1985 7320 
1236 6034 
6987 7578 
6321 6034 
6904 6034 
7900 7542 
6209 4936 
4104 7578 
1108 7485 
850 7708 
4643 7911 
4505 7578 
7759 7911 
7674 7578 
6287 6034 
7912 7527 
3305 6034 
1259 7320 
156 5205 
575 7906 
1805 7913 
4072 3430 
837 27 
837 7750 
1050 3007 
2714 5523 
7686 7914 
995 883 
7073 7578 
4072 347 
1851 7868 
519 3086 
372 722 
4810 1828 
5279 7886 
892 76 
