109 1770 
1648 1814 
224 1770 
882 1551 
121 1814 
656 656 
1189 1670 
80 26 
1784 546 
294 1392 
1400 153 
48 1392 
1307 1815 
34 1805 
1408 1815 
1704 1370 
1496 1805 
1532 1805 
48 1816 
1817 1170 
1638 1816 
1704 1370 
1532 1818 
459 1805 
1784 1819 
188 1770 
153 1818 
1248 1820 
1806 1618 
1806 1408 
43 76 
1248 1818 
679 850 
995 1821 
850 1818 
504 850 
1761 1814 
42 439 
1806 609 
679 1805 
1696 1392 
1761 1567 
1761 81 
453 1567 
1761 1776 
995 1822 
453 1640 
1142 1567 
169 304 
1248 1805 
1259 1822 
1806 1640 
1823 1131 
1522 1822 
1824 110 
1825 110 
1826 110 
110 1408 
1749 1173 
1047 1827 
1309 1827 
298 1828 
1259 62 
850 1670 
1753 1749 
372 1784 
256 118 
