4902 9239 
3881 3881 
7078 9239 
6443 9240 
354 4645 
96 837 
2714 8965 
122 7407 
1468 837 
4953 7020 
5481 7020 
43 9234 
3540 9239 
4902 1224 
4902 837 
1851 9241 
8872 3209 
43 6422 
7733 9150 
5471 43 
4297 9241 
616 837 
901 9240 
4902 9242 
8633 968 
3540 9243 
4889 5375 
616 5375 
1762 5375 
2758 4312 
6316 4795 
1309 6034 
6821 4633 
835 6422 
2827 9095 
6543 9173 
2083 74 
9199 704 
8529 9156 
9236 5375 
8956 1582 
4810 9240 
2713 286 
57 3492 
4011 8708 
4258 4258 
138 4620 
3320 6309 
43 43 
4128 9244 
