43 14088 
6971 14899 
111 15274 
5518 14260 
15275 5697 
5556 5697 
2983 2983 
2187 15276 
10627 15277 
5136 5136 
757 11685 
7576 15277 
15278 771 
14955 4924 
14142 15279 
382 3789 
382 3789 
15280 15281 
8334 278 
15282 14838 
4810 10216 
3367 13973 
14525 15283 
4104 1664 
2634 9097 
111 2270 
9764 13973 
2704 609 
4762 15284 
1769 4119 
43 15285 
1611 3148 
12999 10627 
14618 10216 
4762 8840 
6707 4641 
4593 1664 
15279 278 
4593 15286 
4593 15287 
2216 278 
15288 15166 
4762 278 
12054 15289 
4611 2704 
613 13081 
15290 2576 
3230 1170 
850 1170 
5493 15291 
13543 13543 
111 15271 
2996 8014 
