1753 2113 
1768 233 
47 1139 
1805 850 
1365 850 
96 665 
1458 665 
850 2181 
2182 935 
2021 850 
1223 1458 
1300 2175 
1638 2183 
784 27 
2184 2051 
81 1031 
2185 2186 
1951 850 
1760 298 
287 234 
504 234 
807 234 
194 234 
1927 234 
1030 234 
2029 234 
951 234 
1050 1744 
1050 2187 
609 2187 
2098 2186 
1761 1611 
429 234 
1858 234 
74 1032 
641 2187 
77 234 
278 234 
2188 2189 
1867 569 
2032 1170 
1851 234 
1099 1099 
2190 2164 
473 2191 
2087 522 
238 522 
539 2192 
1789 2189 
1300 2187 
2021 2164 
1191 2192 
1867 522 
43 2164 
43 2073 
