2392 1291 
3425 2935 
3425 1170 
1535 2935 
44 2963 
368 1173 
70 2935 
3222 2331 
1875 3097 
429 3417 
15 2073 
1288 3417 
3364 3603 
1714 34 
1177 3596 
1760 3417 
1288 3555 
3426 3604 
2714 13 
2481 3555 
1861 3605 
504 3606 
3425 468 
3425 3606 
1611 3606 
679 3606 
3607 3605 
2392 3516 
2359 3576 
3608 2673 
2588 3605 
3566 2673 
2982 3606 
173 3604 
3368 1502 
3540 2535 
997 3458 
1135 3458 
2717 1759 
1522 3606 
616 1224 
3540 2535 
1760 1224 
1352 468 
129 3609 
2935 3606 
3425 3369 
3610 657 
3610 1715 
3610 1381 
3333 468 
3512 657 
2704 3604 
1768 415 
2633 3587 
2638 1502 
3239 2678 
2963 415 
153 1356 
430 3611 
1142 1583 
20 1643 
3090 459 
726 3611 
2481 1643 
8 1224 
1583 3612 
3612 3612 
3519 3612 
