12199 4938 
4104 4553 
1162 6669 
1995 12568 
458 12569 
12570 8993 
7898 3159 
12571 10216 
134 3159 
5972 9835 
410 410 
8098 60 
4011 60 
12456 3819 
6964 12558 
2481 60 
3295 12105 
6987 12531 
616 12572 
9959 5883 
3034 8837 
10621 9768 
2397 11016 
5972 10853 
7078 3283 
1248 12573 
96 1170 
995 12574 
4972 3819 
11688 12531 
11038 3214 
4072 12531 
7028 12575 
555 12576 
1762 10335 
12577 1115 
10991 9768 
346 12578 
10546 4795 
12579 877 
2216 4795 
1050 877 
3295 12531 
372 12531 
4163 12572 
2638 4795 
5518 12557 
9877 6718 
10153 10627 
