850 539 
1052 539 
947 539 
1951 539 
8 1016 
110 1016 
1321 1760 
539 76 
567 1982 
43 1760 
1259 76 
298 1894 
1951 2019 
1355 1894 
2021 1522 
1670 710 
1352 1016 
1670 710 
1670 710 
1592 710 
34 704 
517 936 
95 704 
1727 993 
945 1894 
81 1670 
850 1670 
2022 136 
1805 1670 
1509 1894 
1509 1592 
2023 1658 
1670 705 
1611 705 
2024 1959 
1400 298 
1050 1670 
2019 2019 
1400 874 
86 569 
1727 233 
1727 569 
1352 1670 
1761 1934 
399 8 
44 2011 
1050 1045 
173 2025 
1611 1805 
287 2025 
44 1805 
1838 710 
1880 710 
8 705 
759 569 
44 1016 
1727 569 
1 1592 
5 134 
20 1790 
679 710 
1943 2026 
569 2026 
2027 1045 
1558 710 
1257 2028 
2029 519 
459 2028 
539 901 
995 2006 
43 901 
1259 2026 
194 1633 
