9764 17273 
5972 10233 
4027 14088 
17274 10632 
17274 7522 
15561 12480 
43 17275 
5180 10117 
1350 17272 
17224 16444 
2764 14088 
9510 10233 
17276 13973 
238 17272 
6358 2704 
850 5136 
13998 17273 
153 2704 
16179 12299 
3159 2211 
17277 2704 
4297 6370 
1611 2704 
17278 2704 
800 2704 
15916 10117 
15916 17269 
16967 9367 
850 5136 
3159 9507 
1352 16333 
17279 4953 
6987 17280 
17281 3750 
5972 914 
7710 16733 
1108 15883 
10659 194 
8738 17282 
3186 2704 
3293 8014 
315 17199 
3928 17199 
9747 194 
