2638 3353 
204 2370 
368 2370 
3479 2281 
2092 1099 
609 2281 
2760 2281 
43 2281 
3085 1009 
1768 3846 
1890 2281 
3643 3851 
1377 3852 
807 3741 
834 3250 
1890 3250 
3239 2281 
2548 2175 
834 2281 
1108 2175 
3853 3643 
1050 2146 
3821 807 
3854 778 
850 2087 
571 3643 
759 2370 
3453 2281 
3778 1383 
3778 3811 
3554 1383 
3739 1134 
445 1383 
2187 3855 
2548 3855 
1611 3622 
1611 3856 
2216 1084 
2760 3855 
3857 1134 
1050 1084 
3858 283 
1108 1749 
346 3855 
1902 1902 
3846 3859 
3860 2391 
2216 1749 
412 3525 
1769 2216 
3516 3861 
571 3667 
3822 3862 
1738 3863 
3864 3865 
1890 2281 
