1768 27 
199 77 
2021 77 
2032 1170 
1352 77 
1768 77 
2074 1629 
1352 77 
273 77 
368 2073 
653 204 
1099 2075 
1108 1411 
784 798 
1951 2028 
1257 724 
27 34 
726 34 
1542 798 
947 2014 
726 2076 
1400 1 
278 77 
2077 44 
1050 77 
599 877 
77 446 
726 446 
173 2078 
1099 2079 
1648 877 
224 135 
47 2076 
1727 391 
57 877 
877 1257 
312 2076 
757 806 
2080 304 
1257 2081 
312 1411 
1541 1021 
1262 184 
950 2081 
1788 724 
1978 184 
1163 184 
2082 135 
1352 1610 
1727 569 
44 1045 
2083 162 
2061 721 
1978 1641 
1951 1045 
2084 2076 
690 1641 
447 724 
2009 1641 
1248 2061 
1489 1656 
372 1656 
431 1656 
1926 901 
153 1926 
1749 1257 
1638 2066 
