4381 5305 
9510 13973 
11462 9401 
1379 1115 
15907 1115 
43 1115 
16193 14912 
6193 13969 
850 1115 
15907 16168 
8469 1115 
8469 1957 
29 16194 
9819 16195 
6683 16195 
16196 2576 
575 1084 
13837 16143 
14618 16195 
15418 16194 
4269 13969 
6334 9959 
537 16195 
11573 1115 
9028 16195 
14452 15836 
8750 5305 
7901 16197 
15481 16143 
9510 16198 
4691 5305 
153 16199 
153 16200 
12652 5728 
9399 16201 
9399 11162 
5005 1115 
71 15279 
16202 4467 
256 1115 
7617 16203 
5518 11926 
16133 16199 
5180 8934 
4692 16197 
3320 16204 
