431 1867 
3095 4781 
4782 1975 
4783 4415 
2599 4744 
2021 4593 
4643 1975 
4510 4776 
2704 418 
248 248 
4464 4781 
442 1408 
2392 4593 
2541 2541 
2714 1045 
872 4593 
2535 1408 
256 2704 
2868 2704 
3986 4784 
4785 850 
2535 4553 
3040 877 
4414 2426 
759 4744 
3540 1045 
4779 1197 
501 26 
405 903 
2 4738 
726 4738 
2640 2298 
153 1197 
850 4785 
3440 2370 
2351 3577 
453 4781 
2640 110 
1062 850 
3540 3387 
2711 759 
2411 2414 
80 278 
2640 65 
445 4786 
2640 1 
3881 4593 
4134 346 
4134 4773 
61 124 
3706 26 
3320 4787 
1170 1170 
4477 2370 
4383 26 
2892 3881 
4643 1351 
3095 4788 
4789 4214 
2045 4790 
1780 4086 
3095 1749 
4643 1749 
4791 118 
997 1170 
1805 2535 
1995 4792 
