8660 4076 
7708 1531 
12772 13065 
11038 11830 
8819 4076 
221 184 
10659 11517 
1350 2673 
1726 4076 
7804 6806 
1352 184 
2275 13066 
575 12525 
3247 13066 
3781 6549 
7028 13067 
13068 12775 
34 2327 
13068 12775 
4593 13069 
1309 6549 
9764 13070 
10694 13063 
5126 11851 
4391 4755 
12541 13071 
11573 4467 
8489 13070 
77 13072 
11573 5253 
465 13073 
9715 734 
1291 734 
12470 6978 
13074 7653 
10659 12622 
138 6378 
1197 6378 
7251 1582 
4952 13075 
8178 734 
1828 1355 
850 13076 
6380 13077 
1828 12896 
4104 13078 
4407 5230 
1922 5230 
6751 571 
6241 4497 
4593 10829 
6560 13079 
3094 10829 
11573 13080 
12719 13081 
