8532 4631 
1355 4631 
256 4631 
4633 4633 
5972 405 
8546 6284 
5972 8477 
8536 5171 
1355 4631 
7627 8547 
8536 1032 
3320 8548 
4902 8544 
6673 4633 
1355 2285 
5724 248 
8316 8515 
5072 5092 
4902 248 
2717 8413 
8545 1578 
8517 1099 
2905 1291 
153 8549 
453 3018 
6987 5418 
1248 3607 
575 8544 
575 2671 
7900 6987 
150 6987 
43 8506 
1234 2704 
6209 1963 
44 1291 
7856 4633 
7407 2704 
3394 7033 
3230 759 
3529 1963 
2758 2029 
2758 6034 
2758 2157 
2892 2704 
8550 8530 
4692 8316 
850 7024 
1355 5635 
8515 5630 
6751 7024 
