4442 6209 
2351 8394 
8316 8136 
4265 99 
5180 4235 
8399 5006 
6987 723 
1851 1355 
6683 5006 
2963 8394 
199 199 
7070 346 
6500 8394 
1108 7281 
7804 6204 
4902 7397 
1761 5492 
945 7028 
575 7397 
3095 2890 
5882 7886 
2446 2824 
3152 145 
4221 8332 
4221 8137 
850 4221 
1805 638 
2089 8400 
1550 8394 
8316 8316 
3396 4223 
3095 1985 
708 7397 
1550 47 
5180 199 
7407 8401 
850 4221 
850 7368 
837 8375 
6073 7368 
2704 8401 
7708 7957 
6334 1890 
6073 4221 
2088 6010 
3479 6010 
1050 6010 
2481 5493 
3192 8278 
