2963 281 
6599 1583 
3540 4458 
6705 6705 
5972 4458 
4902 4902 
4902 6710 
6711 31 
4902 4458 
4769 4902 
5726 4758 
6712 4606 
2706 4902 
153 4902 
43 4381 
6669 2218 
1578 505 
6474 6454 
1343 1343 
6683 3194 
6457 3194 
616 6474 
835 4458 
835 6713 
44 6306 
3872 943 
410 4199 
2267 6306 
1247 6306 
5148 6714 
1352 3492 
171 2164 
4643 6689 
4643 6306 
5518 4458 
5518 6715 
2252 1656 
3320 1890 
295 6710 
844 6716 
2359 1656 
4643 1656 
5254 1643 
5518 1170 
1985 1643 
1141 943 
4263 2164 
5305 5477 
2763 5935 
167 5935 
410 5477 
