5020 278 
2997 278 
2479 278 
3320 5021 
3 4446 
2640 3385 
1556 278 
2711 278 
1556 278 
1768 5021 
4297 5021 
2811 278 
3696 278 
2021 3881 
256 278 
2905 3881 
3320 5022 
679 278 
2760 4683 
2429 1015 
5023 278 
1361 278 
569 278 
1525 278 
2351 1015 
2535 278 
194 5006 
807 278 
4872 4872 
2618 4497 
4397 278 
2021 5024 
2429 278 
2905 4497 
4397 5006 
4643 3881 
77 5024 
1522 1225 
609 609 
2029 2847 
759 4497 
47 1015 
97 278 
4859 69 
4934 4497 
194 5006 
368 5006 
3770 193 
708 609 
1611 278 
3540 3385 
2599 97 
1247 65 
2638 5025 
5026 278 
77 278 
138 4975 
2711 4975 
77 726 
2704 3540 
2729 459 
4738 278 
4510 4683 
1050 726 
4034 431 
2098 2186 
1350 278 
901 234 
1259 278 
453 4683 
4005 726 
1259 4980 
5027 278 
2983 278 
405 2856 
2766 1411 
1556 4975 
4631 1 
133 97 
1753 2890 
1259 3614 
4795 4975 
4815 4178 
3324 5028 
3706 4446 
2053 278 
459 3540 
3093 278 
1768 5029 
257 4432 
4891 5029 
285 5030 
3823 2766 
4185 4975 
4190 5031 
3823 1170 
2714 5031 
138 3682 
442 5031 
3823 627 
47 3682 
2868 3247 
5005 278 
1805 5032 
1951 5031 
837 234 
1638 1361 
2535 5024 
