1638 1227 
1978 656 
1300 935 
1784 537 
1300 935 
298 77 
768 768 
768 77 
689 2594 
2515 77 
1442 77 
110 77 
2187 77 
586 77 
1995 689 
154 77 
2661 77 
459 2480 
1400 537 
831 77 
2652 2662 
284 77 
1784 77 
1951 1356 
1503 77 
137 77 
1400 77 
2429 77 
57 2663 
137 77 
2664 2594 
2665 77 
2666 410 
1691 2029 
850 2029 
1247 77 
768 2304 
2667 2662 
1247 57 
709 2029 
2073 1099 
2668 77 
2621 2029 
2029 569 
124 77 
2646 57 
77 57 
2214 2454 
768 1247 
2669 77 
1611 2662 
2215 13 
2670 2234 
1768 13 
2480 2480 
537 2662 
2280 1189 
537 2671 
288 1099 
1738 2304 
1368 1469 
2266 2266 
2285 743 
2608 77 
1943 77 
1368 2157 
2480 26 
2480 140 
43 1099 
380 2304 
1729 2281 
2515 2157 
2599 2374 
2374 2374 
44 1099 
2599 2157 
2672 2101 
1638 2672 
44 84 
76 2673 
