96 11914 
10220 14377 
5471 14871 
9510 14871 
3083 14872 
6721 14873 
11038 5733 
138 14871 
14874 9479 
2704 14377 
13311 14377 
11038 13133 
11038 802 
1361 5616 
14473 14873 
13317 14875 
6510 14496 
14311 13543 
14876 11966 
10668 14837 
77 1633 
11469 4458 
11038 10918 
11038 759 
11038 6978 
6174 9719 
4261 10473 
1985 11914 
9706 12937 
2714 453 
1611 2704 
5126 14877 
6457 14878 
4952 4633 
111 12765 
14879 14880 
9715 14533 
2704 2704 
11469 14881 
256 5305 
12985 14373 
2704 14882 
14883 12578 
14883 5941 
