6987 3270 
13045 13379 
616 11836 
6358 13380 
2215 9667 
4104 11845 
11038 7780 
13320 278 
2640 11224 
11038 6978 
6721 4458 
8660 11836 
13066 877 
13045 13381 
5941 13382 
13383 9392 
1890 8841 
3438 13384 
1604 6519 
5640 9169 
5180 2164 
6457 6721 
3607 6669 
3928 2374 
1194 6669 
3607 278 
6334 11845 
8376 10968 
8922 13385 
9778 11836 
13386 6370 
9778 10194 
4497 3 
13045 13387 
3425 10194 
10324 12032 
5518 278 
850 6669 
13388 10766 
13388 10766 
2704 13389 
71 10139 
2481 10194 
1194 13390 
572 13391 
13392 278 
71 10139 
13392 278 
6510 6718 
1350 6669 
9819 13199 
2029 2029 
