43 1909 
4008 1909 
1727 97 
1769 3914 
2215 1 
1790 1525 
138 4009 
2963 2005 
2637 4010 
1350 98 
2963 493 
2963 2576 
4011 2576 
400 1890 
368 493 
3364 493 
1769 2576 
2885 2383 
1761 3932 
3823 4012 
4013 2383 
4005 3955 
759 4000 
957 34 
2682 2576 
3759 278 
256 278 
1343 4014 
1381 4015 
2760 2652 
346 644 
1456 4015 
537 118 
2021 4016 
1157 2576 
1761 2202 
1803 118 
238 569 
1738 1173 
3364 2960 
1005 2450 
2633 1738 
4017 569 
1803 849 
1009 3736 
439 1738 
4018 1594 
60 1738 
2896 278 
2806 3863 
