10659 2856 
2638 14280 
158 2856 
5927 2856 
10659 5116 
12157 2856 
835 2856 
14281 14281 
1352 850 
43 4458 
3411 14280 
5822 1190 
11586 10968 
8588 1190 
7898 1458 
14282 14283 
14282 14284 
6241 6241 
1099 1099 
508 14285 
1890 14286 
453 10806 
74 14287 
13974 13907 
850 14288 
724 2704 
9764 14114 
4902 14289 
6964 759 
995 3283 
850 5556 
2481 5556 
133 134 
9764 8350 
3928 759 
3928 2267 
9715 2267 
77 2267 
14290 2267 
1247 2267 
1749 2267 
572 2267 
6551 11266 
453 11266 
12385 14289 
835 9479 
2868 13710 
5185 12404 
2868 14291 
13489 6806 
6126 13710 
995 14292 
5493 5493 
14293 9479 
4902 14294 
7021 4183 
3558 2240 
894 894 
1890 8588 
