724 8792 
47 7768 
8775 8793 
8794 8794 
8775 8795 
8796 4076 
8797 8795 
8798 347 
6751 256 
4342 1762 
8376 8799 
8660 256 
1377 8799 
5972 256 
3847 2351 
724 8713 
1890 5312 
6241 917 
4440 1049 
7833 2175 
4167 598 
2608 2175 
8201 298 
526 256 
2704 1343 
8596 8794 
4297 1049 
4297 8794 
6510 5797 
312 8800 
7008 1343 
2963 8801 
1556 309 
4297 4440 
34 1762 
1784 1134 
8000 8802 
2714 2175 
3394 4440 
2351 4440 
44 8803 
44 8803 
3002 3002 
8804 408 
5402 8805 
5126 2175 
5452 6669 
2763 2811 
7407 256 
3881 2831 
153 8461 
8805 8806 
2029 2029 
8807 8807 
1761 2811 
724 2175 
4902 8753 
43 6669 
1190 8808 
