18809 15931 
1377 4589 
10627 18810 
16969 1582 
18346 4859 
13965 16208 
7078 6666 
6646 3807 
6646 18807 
15388 9992 
10411 2416 
5972 18811 
4072 5191 
5972 14020 
12194 3807 
5972 16713 
6126 13599 
18804 9845 
5941 10216 
4274 18812 
15481 2681 
3712 16713 
10659 13024 
5649 7269 
312 6666 
18789 18789 
850 14813 
3607 7269 
15066 18601 
1611 17961 
3411 17961 
1957 18813 
5375 17984 
18814 6246 
1352 18815 
5724 6246 
12194 3807 
18812 9600 
15220 3807 
6126 18758 
10216 9845 
3320 10216 
708 10561 
9438 10216 
850 10871 
16768 17984 
