84 2374 
453 1959 
726 1189 
153 2366 
698 1939 
2187 1530 
188 140 
1452 2375 
354 877 
1259 2375 
77 2376 
1851 2374 
726 2377 
459 2377 
2215 171 
2378 2375 
2267 406 
2195 485 
2066 77 
569 802 
569 485 
2255 1189 
546 77 
89 1247 
1343 1959 
687 77 
2050 485 
1927 34 
133 34 
1452 77 
957 406 
44 77 
89 1247 
84 2379 
8 34 
2215 1189 
1784 1189 
1552 2379 
1489 1189 
2377 1189 
2377 1247 
1947 1234 
2377 1247 
2350 1189 
1247 2380 
1943 2380 
1696 2379 
27 1323 
2381 1323 
1890 2071 
708 2346 
1638 2071 
1489 1959 
2216 631 
539 1959 
2350 895 
77 1959 
768 2083 
1343 1959 
850 1959 
