5452 3332 
6668 837 
4251 5161 
575 2764 
6669 6326 
3333 5116 
901 278 
6670 6670 
1050 1321 
6671 837 
2576 3230 
6471 6034 
6530 3230 
6672 2682 
6359 3332 
5989 6666 
6334 118 
153 5958 
995 1408 
43 1408 
4902 2681 
158 1767 
4902 6474 
4470 6501 
5717 6673 
171 5006 
1611 6673 
4975 3230 
6674 1867 
140 3741 
80 6675 
6676 3625 
6365 6474 
2576 6677 
2545 4809 
2704 6677 
850 6677 
43 5331 
4769 6678 
2411 6678 
6679 3914 
4392 6680 
2029 759 
4769 4758 
708 901 
995 6680 
6334 6678 
2 6623 
2760 6680 
1197 1099 
171 6370 
5769 2379 
1943 6681 
