6358 3643 
850 6646 
4643 7128 
43 6669 
1247 2136 
6359 679 
43 2136 
77 2136 
1092 2984 
4251 4251 
4692 6034 
708 1209 
6193 2136 
111 7129 
3846 6949 
1995 6669 
1995 7128 
4902 771 
4902 7130 
27 3484 
6935 2136 
6193 4086 
6193 404 
346 7131 
1452 7041 
1986 278 
4297 5399 
933 3484 
4297 7127 
945 1909 
4011 2136 
6530 6646 
7132 7130 
7133 1909 
6751 7130 
856 2447 
6474 1909 
7073 4677 
44 2374 
1247 7119 
3686 7119 
62 2374 
44 7129 
2252 7119 
1338 4902 
1099 1099 
6551 2181 
7134 6805 
171 7131 
3320 1049 
1851 2279 
2279 1049 
613 7119 
3320 7135 
6193 4677 
7136 7137 
171 43 
4821 1909 
4902 6616 
724 7138 
6193 539 
1350 1909 
575 7138 
157 7068 
2397 5399 
6925 609 
