372 60 
238 4059 
4198 4195 
4076 1963 
3093 513 
2856 4059 
153 1108 
1522 459 
2637 1108 
2996 4199 
43 4199 
95 4059 
3542 2828 
997 3387 
875 4076 
850 1247 
47 3910 
1598 4200 
1248 3285 
1721 3358 
3232 1142 
3881 2811 
759 3285 
1099 1142 
3516 4199 
47 1911 
3781 4076 
2714 3881 
1350 137 
3095 3643 
4005 3881 
1452 4059 
1259 2730 
3863 4201 
3919 4201 
3247 4201 
153 4201 
2714 4201 
2637 3759 
96 4005 
4194 3759 
644 679 
234 4059 
4059 76 
3239 4201 
3295 3919 
1805 4202 
153 679 
872 2730 
388 1247 
44 4203 
1310 2856 
1310 238 
1030 2763 
4200 679 
