1503 2136 
1670 2199 
2145 2164 
77 808 
569 808 
517 1960 
8 1805 
2204 726 
629 808 
1960 726 
2113 808 
1760 1960 
1163 2199 
1384 808 
1365 561 
1813 299 
726 299 
1951 299 
2183 1656 
1323 2051 
609 1323 
47 1323 
1209 2136 
850 1323 
1927 505 
2195 1323 
2196 135 
1611 505 
1611 505 
1611 505 
1611 505 
1611 1323 
2047 505 
294 1776 
1323 1408 
133 299 
1761 505 
1761 808 
380 234 
1992 808 
77 1744 
193 1392 
1163 1392 
1352 505 
1714 1656 
2205 539 
1259 77 
808 1960 
2032 1170 
69 2071 
1248 2071 
48 48 
539 77 
850 1916 
2206 2207 
2208 2102 
98 569 
2021 2207 
1259 539 
1318 2209 
1851 539 
500 2209 
1947 539 
925 2209 
2210 2209 
1656 48 
1542 1522 
278 935 
2021 128 
1656 128 
115 2209 
837 1392 
8 2209 
513 234 
