5185 5493 
3689 14160 
3244 14160 
3295 656 
821 1228 
3411 14160 
3295 16620 
3295 60 
10855 14160 
850 15121 
850 7447 
12036 14476 
6359 16621 
6672 10871 
850 10871 
2481 10871 
8276 60 
16622 16149 
14282 16620 
1378 16441 
43 656 
16623 16624 
5882 13973 
43 656 
2061 6178 
2446 5649 
4972 16625 
15481 5649 
1611 6178 
13837 16279 
4990 1099 
13837 16487 
4507 16626 
616 12768 
16627 14557 
15418 7688 
3239 9238 
3320 16628 
6370 16628 
16629 11962 
15481 5092 
10853 16630 
3295 11962 
9715 14344 
2963 9051 
1309 16624 
