96 1567 
850 3205 
3159 721 
2982 3177 
173 3202 
2021 1247 
3170 2945 
43 3202 
1248 3205 
1377 539 
2392 1567 
372 2207 
2763 1890 
2982 1890 
3147 1356 
2638 3206 
1738 1963 
2760 2207 
109 2450 
1738 2207 
968 2727 
968 1355 
2982 3197 
77 567 
71 2234 
15 2234 
679 58 
562 1111 
3207 679 
1541 3208 
2073 3208 
1738 3208 
3209 2625 
850 1541 
3210 807 
3000 1541 
1400 960 
3211 3206 
3212 3213 
2963 3213 
3214 2370 
607 3208 
3215 2671 
1611 1045 
1400 1045 
2021 903 
109 48 
2548 935 
1309 3136 
368 2214 
2760 3208 
2763 2214 
1434 2214 
3202 3140 
539 1901 
2563 1084 
2714 2214 
3216 3145 
686 58 
2214 935 
1300 2214 
2725 2214 
3217 2632 
2411 1248 
2392 2214 
1611 1045 
537 935 
2450 3218 
3219 2214 
2637 2214 
141 1939 
1350 3218 
2446 3218 
153 935 
656 9 
2450 2981 
412 2214 
3159 2214 
96 935 
2216 1046 
1400 2214 
43 1046 
3093 2214 
