4799 4281 
2557 4814 
727 627 
4826 4351 
3095 4729 
3034 4729 
245 3440 
42 4729 
4281 4467 
1851 968 
3425 2172 
1343 1343 
2711 3484 
3320 2114 
2599 3529 
4683 4683 
3823 2704 
3627 3529 
2580 3529 
3719 843 
3425 3484 
3540 4281 
2022 3034 
945 2425 
42 2704 
2397 2114 
2711 4827 
4687 1343 
855 4358 
2534 4828 
4297 4829 
4741 4741 
4261 3034 
442 4827 
3823 4830 
1995 968 
157 3247 
2474 4827 
3746 4827 
2758 901 
4397 288 
1704 304 
734 3247 
1355 1361 
459 1361 
2541 2541 
77 4831 
1890 3292 
2541 3065 
2935 4711 
4832 3807 
3453 2114 
