2215 8937 
4297 8937 
877 7804 
3394 8937 
785 8995 
8660 8996 
7083 8777 
3540 8127 
2164 1355 
1030 8997 
917 558 
8998 8998 
1851 558 
1355 917 
1890 4059 
6543 1247 
1556 537 
8660 8999 
616 2963 
8505 9000 
2638 9001 
4407 4059 
850 6672 
6987 1247 
555 4682 
2764 7900 
1343 4962 
405 4962 
5279 901 
4297 7597 
84 7900 
1058 182 
2122 9002 
1050 9003 
7804 9004 
5185 2164 
1050 8107 
2963 901 
7723 3095 
3540 9003 
9005 4633 
5985 3095 
2053 901 
2252 3095 
2275 8708 
4397 901 
1760 5116 
5452 901 
9006 3271 
2083 5291 
4011 8708 
8660 8840 
5518 9007 
5412 4059 
4631 3095 
2856 9002 
8660 5315 
4011 9008 
6425 9009 
4011 9009 
1371 5381 
