9218 5795 
10659 13082 
12316 1522 
3906 13069 
13083 4446 
109 6978 
6964 13084 
13085 13085 
6126 4446 
4755 4755 
10842 11619 
10521 2704 
2599 12201 
6806 5254 
1350 13072 
567 1627 
4011 13066 
12756 13086 
4072 10235 
5375 1738 
995 11559 
11688 11559 
2640 13047 
2640 11559 
3247 11559 
10762 8318 
7617 12201 
4269 11559 
613 13087 
9033 11559 
1352 13075 
11886 4872 
1352 5950 
2983 12420 
4073 4073 
1985 13088 
1352 12622 
901 11559 
3320 4872 
11951 6111 
140 11559 
4381 2474 
3367 12639 
8660 6978 
11038 12934 
4032 3230 
11038 1578 
4593 12201 
613 12525 
10659 11559 
12472 11517 
13089 5465 
13090 2075 
12036 11559 
8660 13091 
138 13092 
12130 293 
1248 3230 
8098 9835 
13066 5861 
12772 13093 
9959 10216 
10537 13082 
2704 13094 
