6836 6835 
526 6835 
5972 6834 
1995 6837 
6193 6838 
3384 6839 
5497 1606 
4769 6835 
1890 3189 
2714 284 
43 6835 
8 5116 
834 3928 
2215 409 
14 1355 
6334 1638 
6126 4005 
138 1355 
43 4363 
194 872 
6840 6826 
724 3954 
1910 4966 
3984 3328 
1452 3328 
1611 4962 
5972 2711 
3540 6841 
2824 3328 
1611 681 
3540 4363 
4593 6838 
1611 4962 
3540 681 
2411 2711 
3252 3881 
6793 3881 
5771 1697 
546 3881 
3320 4065 
388 1355 
5279 6827 
346 4405 
2481 6712 
71 5848 
4769 1525 
5972 6842 
6838 1525 
1601 1697 
188 3684 
1985 6843 
354 1352 
1177 473 
4446 3835 
354 1352 
354 1352 
410 1352 
442 3881 
138 6577 
4126 6725 
6844 6099 
