503 549 
3 273 
337 273 
8 75 
513 151 
74 121 
475 75 
26 273 
188 273 
517 418 
76 220 
550 140 
530 408 
158 104 
27 34 
26 34 
214 77 
26 77 
494 9 
129 251 
77 251 
494 495 
404 251 
70 135 
548 128 
454 26 
158 551 
34 77 
18 1 
27 31 
522 128 
220 151 
77 552 
81 552 
464 202 
464 141 
553 34 
554 151 
34 31 
507 80 
412 368 
14 115 
517 74 
412 26 
555 81 
556 81 
556 77 
47 220 
158 475 
557 81 
459 220 
110 278 
43 84 
153 84 
98 558 
57 475 
436 559 
551 551 
299 220 
199 416 
438 406 
189 406 
98 220 
389 220 
412 34 
475 278 
524 475 
372 475 
81 475 
400 8 
70 110 
42 475 
435 151 
70 283 
211 211 
211 211 
74 283 
27 110 
4 389 
211 211 
