4658 1139 
44 2281 
2785 3076 
4297 2281 
1343 3432 
1996 8 
1784 1190 
2714 4659 
1403 2429 
3247 4660 
2633 4660 
3333 4660 
726 2429 
759 1831 
2640 667 
43 1408 
4497 3006 
2599 4397 
482 3387 
47 1139 
4510 3332 
1805 965 
1867 4397 
903 1408 
418 965 
3610 965 
3411 4661 
1031 4520 
4251 4072 
95 4397 
4454 656 
1377 3437 
4662 3726 
445 4565 
2640 679 
2481 965 
2904 679 
1696 4663 
2411 4661 
4168 4659 
3484 2143 
1452 4640 
4664 1611 
4454 1591 
4168 759 
4643 1831 
2090 4565 
4454 679 
1797 4663 
708 3087 
4454 4467 
3881 4665 
4397 4663 
3095 537 
1522 679 
1522 609 
3320 1247 
629 609 
3881 609 
1237 679 
2811 609 
4666 110 
188 4532 
4647 4072 
656 4072 
