111 3201 
5972 2858 
7804 2570 
2569 10523 
4896 2570 
10524 599 
10515 10525 
6334 4633 
10350 10350 
10414 10526 
1730 8196 
2763 10283 
1890 4633 
901 4795 
7804 8778 
293 10527 
1611 10502 
546 2681 
1352 2681 
6751 2344 
7028 10106 
679 9602 
5346 9602 
4460 9602 
8634 9602 
759 9602 
8819 2267 
8263 8733 
10528 10529 
10519 3825 
567 2267 
3117 9602 
9028 3125 
7878 9602 
10411 5650 
91 10490 
6712 9602 
4011 9602 
2758 9602 
4460 10465 
5180 10530 
4011 9602 
3881 9602 
8660 895 
9865 7028 
3293 7964 
2763 7964 
10531 9602 
10531 4795 
1611 7449 
2215 1939 
4011 7449 
10406 7028 
3928 10532 
9033 4795 
3320 4118 
10411 10442 
4769 10442 
4593 10530 
3320 10533 
6821 4633 
8276 7394 
6821 4633 
6358 9602 
1890 7536 
9402 7028 
10414 7282 
10218 1237 
10523 10523 
6712 7282 
2895 4633 
