768 2210 
2917 2925 
2927 2210 
1638 1638 
1197 687 
1638 2922 
1805 2918 
1890 1760 
1350 687 
1350 2541 
2928 570 
2725 431 
431 2727 
1248 2925 
2763 2727 
2929 1638 
2785 1916 
2433 2727 
278 431 
2785 2727 
256 278 
256 431 
785 2930 
256 1916 
2252 278 
133 2931 
945 2930 
589 2612 
194 431 
2597 2930 
2843 2931 
74 2727 
2548 2931 
42 2494 
256 278 
1343 1453 
90 1670 
90 1247 
2930 2930 
945 2214 
2932 656 
2763 2726 
850 1170 
2543 2856 
1242 2875 
382 2933 
368 278 
15 2933 
2934 1355 
