5894 1670 
43 5893 
2136 5893 
4297 5893 
5459 5895 
4397 5893 
188 5893 
3894 2136 
188 1760 
2711 3484 
850 3484 
1601 2494 
530 2136 
194 4050 
5896 1580 
5473 1580 
567 428 
4776 4776 
4902 5897 
1352 5073 
111 5893 
1753 5898 
4845 5897 
5896 5897 
1667 1580 
284 284 
4407 1803 
3453 5893 
1611 5897 
1611 4297 
1611 5758 
2996 5758 
1050 4713 
5899 5900 
3095 4297 
1696 5901 
3095 4297 
5818 1361 
3086 4297 
1805 656 
3643 5897 
1611 5900 
679 4163 
4005 4163 
4297 2370 
4297 945 
5902 3333 
4005 5834 
138 34 
234 1643 
1611 4003 
609 4003 
5186 1643 
3394 1767 
4643 5788 
4713 4713 
1760 5731 
4269 5731 
5499 5903 
1682 5893 
5298 5903 
1247 1767 
1767 1767 
2960 5903 
77 5883 
1682 1682 
1589 5788 
5904 1799 
1890 3670 
4011 945 
5905 26 
1381 5793 
5518 945 
4891 3201 
2351 1682 
850 1670 
3825 1682 
5518 1580 
4874 4214 
1355 4214 
3825 4214 
43 4214 
2879 4891 
3664 5906 
