153 77 
436 381 
459 919 
412 729 
71 381 
15 386 
287 726 
109 539 
831 146 
925 925 
821 374 
517 930 
539 571 
931 729 
15 932 
132 932 
933 304 
872 166 
539 76 
517 176 
585 764 
76 914 
899 77 
516 76 
273 304 
934 930 
44 332 
15 304 
381 914 
44 925 
935 927 
526 936 
611 914 
937 927 
611 304 
564 721 
327 26 
526 938 
47 76 
83 721 
934 721 
44 834 
202 43 
381 916 
822 925 
939 76 
5 916 
110 936 
140 916 
140 128 
140 76 
940 571 
916 77 
278 721 
158 883 
173 304 
278 77 
941 77 
278 278 
382 110 
883 304 
942 927 
43 943 
944 656 
412 656 
47 77 
911 764 
656 656 
656 656 
