442 1985 
4706 2717 
459 1139 
4675 4707 
2963 1139 
2397 1139 
1592 1139 
77 4205 
2785 815 
2481 1247 
1714 4708 
2351 78 
153 1115 
60 2061 
3840 2061 
3185 4709 
4643 98 
2785 27 
4710 1811 
459 4711 
726 3734 
256 3627 
4712 2487 
2481 4711 
138 815 
2711 4711 
850 4711 
2383 4065 
3453 2370 
1611 1190 
4706 47 
613 1190 
1784 1190 
34 2704 
48 253 
4299 4025 
3419 4025 
3540 599 
4299 4072 
1784 4582 
1995 1560 
1611 4205 
27 4706 
726 4713 
309 278 
3484 4007 
4467 4454 
4168 4706 
3320 1890 
2397 1890 
4407 1190 
2267 4713 
3881 3247 
4643 4042 
3881 1099 
4643 2118 
4714 2856 
850 4025 
572 1237 
4714 2343 
3479 278 
3643 278 
782 278 
2285 4706 
3411 3411 
2785 4711 
1768 1890 
412 704 
