995 1436 
1437 1437 
1438 1189 
448 1437 
256 278 
188 1370 
84 1436 
27 431 
442 1436 
27 34 
15 278 
517 656 
1248 431 
1438 1189 
431 1439 
1197 1439 
44 34 
1378 1439 
327 27 
768 768 
1440 1440 
808 34 
609 34 
188 653 
526 1288 
1326 26 
199 1439 
1352 1441 
1442 1441 
1400 877 
44 349 
278 656 
1356 724 
616 656 
1293 34 
1322 1441 
1352 1443 
759 349 
1326 945 
526 1444 
453 1282 
48 349 
1352 1045 
1445 458 
1343 1441 
158 199 
412 34 
1259 1189 
1355 233 
1209 420 
1047 1434 
1368 1170 
1134 1394 
569 1170 
539 1406 
141 1189 
1352 656 
453 947 
1446 1413 
382 1036 
1447 1444 
687 1448 
382 382 
1447 394 
1236 656 
110 1444 
726 1448 
821 1173 
726 1173 
368 1173 
1099 1288 
726 656 
