4902 7691 
43 7691 
4297 2287 
4631 448 
5518 7391 
1513 7691 
616 3765 
6380 7391 
4643 7691 
7612 7691 
2704 7691 
7686 7515 
1963 448 
3847 7692 
1343 459 
6751 7691 
3847 7691 
459 448 
4297 1173 
2429 1173 
6510 834 
4741 7691 
2022 1089 
418 7691 
448 448 
3847 3977 
7693 7694 
7695 7696 
7697 656 
616 7698 
4010 7688 
3870 3870 
1108 1086 
6128 3189 
6303 6303 
7699 5289 
7700 7701 
7699 5612 
724 1086 
2621 4821 
5375 7688 
4297 1173 
4732 5935 
109 7688 
4251 4220 
1509 2287 
5 716 
3159 7696 
3333 656 
7702 7696 
4643 7703 
4643 4200 
5086 7704 
194 2198 
27 4200 
4643 7688 
284 4200 
459 505 
134 1939 
265 6262 
3253 7689 
2640 448 
8 5116 
4251 1939 
834 5116 
171 824 
6683 7705 
6358 7704 
157 7706 
