96 3536 
1670 2266 
459 6424 
5928 381 
3540 6424 
1350 2266 
6359 381 
2935 5816 
3425 1115 
2599 4245 
473 570 
530 3117 
6425 3201 
1738 3117 
2811 3117 
995 3117 
6426 2843 
3305 6422 
4059 4872 
570 2843 
2640 4214 
459 1767 
90 2843 
1400 3117 
5298 3117 
3640 3451 
1379 4845 
1521 3117 
4072 3117 
140 100 
1099 6427 
6428 4040 
6429 3036 
1099 2811 
3333 6427 
4397 6427 
6430 6431 
835 6431 
545 4458 
2073 6427 
44 6427 
95 5886 
2481 6413 
6056 6431 
3320 5886 
6432 2811 
3333 6433 
1352 2704 
194 3087 
3333 1767 
1243 2266 
4902 3087 
57 2843 
2481 6434 
6359 4660 
