1691 3285 
1248 3285 
256 3285 
2187 3285 
997 2979 
2811 4072 
2785 4442 
3095 3881 
4649 110 
2785 121 
138 383 
3425 3285 
1910 3076 
43 110 
4454 2019 
1032 74 
2714 4650 
2187 4650 
1108 4650 
47 3285 
1267 726 
256 726 
2714 4650 
1611 726 
4651 3285 
4454 2211 
1611 1725 
4454 3263 
656 726 
238 4072 
4643 4072 
2281 3285 
850 3285 
4497 90 
43 3095 
569 569 
4353 4072 
487 3285 
4652 4650 
2446 3285 
138 2852 
1727 903 
138 431 
1611 3432 
4192 4653 
3247 431 
4654 431 
123 204 
44 204 
3411 4467 
4072 3432 
4075 4072 
4655 3230 
4407 4656 
2267 4196 
2267 1291 
4172 1173 
96 2704 
3529 3076 
539 1371 
2725 1458 
1309 726 
2021 1371 
4510 3332 
43 1371 
3320 4151 
98 4220 
4594 4151 
3540 2240 
1259 4151 
4657 4657 
4299 2240 
2704 1190 
3320 4065 
485 204 
3825 1560 
4647 4647 
3247 1749 
