1183 762 
850 368 
98 834 
877 1227 
110 1288 
609 1295 
731 1282 
204 90 
204 90 
757 90 
690 849 
656 346 
1121 1288 
708 1288 
26 1288 
708 1288 
1157 1282 
153 1288 
26 1288 
834 1288 
1259 34 
1288 667 
1288 26 
26 1288 
26 1288 
1032 1288 
616 90 
173 1288 
15 15 
173 1288 
562 1288 
609 1288 
672 1288 
539 1288 
121 1288 
900 26 
299 1288 
42 1288 
124 1288 
708 1268 
27 1291 
138 1247 
27 1288 
77 136 
459 26 
256 110 
256 116 
71 346 
4 1288 
1259 945 
1296 1288 
724 194 
71 77 
1282 1262 
1297 48 
1173 1173 
1050 1225 
1297 64 
154 77 
1050 807 
110 77 
609 77 
194 77 
368 77 
123 77 
27 368 
1121 77 
44 77 
142 77 
1225 1225 
