724 10828 
12316 47 
13043 2892 
5896 522 
9175 13124 
7804 6443 
4297 12765 
10558 2216 
1352 13122 
2351 5883 
1532 13125 
1890 8900 
724 13126 
1050 12967 
9764 13127 
43 968 
256 13128 
6334 12959 
7878 6443 
5972 11266 
770 5836 
9470 6443 
1521 10583 
5092 77 
1572 77 
11038 8472 
2714 8472 
1138 11616 
10842 5836 
5896 77 
1352 13129 
5402 6806 
4952 9024 
1738 11967 
7078 13081 
2892 6806 
850 13130 
465 11845 
4952 8774 
9992 12993 
2638 5161 
2088 13131 
1194 11573 
2758 10583 
11469 11845 
13132 12993 
4631 13133 
6358 11573 
4593 204 
6702 13118 
8515 8770 
11202 11573 
13065 13021 
1343 811 
