312 1951 
27 1725 
44 2348 
2349 1247 
1890 2348 
2336 1422 
1983 1803 
1525 668 
2350 679 
188 2270 
2215 1247 
2351 1247 
2350 347 
879 834 
2352 1543 
1209 1744 
2353 154 
2098 665 
1248 1805 
1288 2354 
499 2354 
679 1805 
2281 204 
453 2355 
1030 2152 
2281 2341 
1787 2070 
31 2354 
1768 1835 
882 1761 
2356 1738 
2216 2152 
919 1805 
743 2341 
1189 1805 
2357 110 
2358 1360 
2359 1643 
2359 459 
1619 2070 
2215 1560 
1855 1805 
726 1835 
453 459 
834 2070 
2248 1355 
194 2152 
84 2021 
1259 1677 
539 1805 
453 2360 
2361 2354 
153 2360 
