1738 3332 
1343 3332 
3332 3332 
2760 3332 
2893 3322 
3304 151 
2960 3332 
1899 151 
1522 1780 
3009 1 
3333 151 
3333 151 
831 2175 
2411 2175 
34 1 
3108 233 
2557 3332 
2411 233 
1251 151 
3320 2136 
1323 2305 
1784 1452 
459 1452 
834 1452 
1135 2576 
84 1452 
2963 569 
3331 1963 
1714 96 
1589 96 
3331 616 
1350 1452 
3291 1350 
1050 1350 
569 997 
459 997 
1135 997 
679 1350 
74 1452 
1760 1224 
2711 3316 
3080 1247 
3276 151 
3334 2844 
3324 1099 
3334 419 
3276 3316 
2763 997 
3239 1963 
3304 3313 
439 1173 
2621 2021 
3088 1963 
3335 2639 
3320 3336 
2763 3231 
1760 3292 
1187 3336 
1619 1541 
571 151 
2868 3336 
153 1963 
3276 151 
123 1350 
2216 1350 
2216 34 
708 3337 
2214 3331 
194 1350 
831 3331 
1005 2021 
194 3231 
2965 2299 
312 3336 
1589 2299 
3331 278 
3331 726 
724 1350 
1738 2978 
133 3292 
3331 1350 
3334 764 
1738 1173 
901 1452 
