138 278 
4198 278 
1961 1323 
3840 278 
2187 278 
408 26 
3095 76 
1300 4515 
1996 31 
3540 278 
1574 76 
1909 1909 
945 1560 
4451 726 
1458 278 
2365 2330 
613 4531 
2711 278 
1053 4513 
4451 3364 
4521 4529 
4451 4532 
66 1163 
4533 4515 
2896 173 
1350 278 
2896 2904 
759 2029 
388 2029 
3095 4534 
850 4534 
2711 1691 
837 78 
4535 458 
555 4523 
20 2029 
3320 2923 
15 4536 
2964 78 
4297 945 
4537 3929 
2633 4467 
109 4532 
2764 2923 
15 4538 
4539 4381 
2136 4538 
138 77 
1738 4300 
1768 3627 
44 4540 
109 4397 
2535 4381 
3823 4446 
2868 4541 
3881 3358 
2411 3358 
109 4538 
2856 26 
2246 2344 
1445 1963 
77 4381 
3247 3358 
1738 1928 
770 4502 
238 4196 
1682 2365 
