1115 6987 
2751 10251 
43 3765 
3575 9119 
1352 10254 
4902 7780 
1248 759 
5604 10255 
4902 10256 
9238 9925 
10257 3095 
1352 10257 
4769 3881 
7804 7861 
9262 1985 
3230 759 
2856 4795 
293 6380 
9764 10258 
1611 10257 
8306 10259 
1611 7780 
1343 4692 
1784 10251 
4902 10260 
4902 10259 
15 10243 
4446 6152 
5093 10261 
10262 10259 
10249 1247 
3095 10263 
10264 10139 
43 1247 
3320 10265 
2510 10265 
724 4692 
1352 10266 
3593 10255 
43 2764 
3881 10216 
2758 2764 
10259 10259 
7576 2764 
2599 10250 
1890 3189 
9865 10251 
9328 7898 
1890 10232 
10267 10259 
2868 10146 
1355 3283 
43 630 
382 4032 
