532 7031 
4902 1411 
4902 8127 
8098 2164 
4848 5697 
2287 8014 
7193 278 
4756 78 
834 7202 
835 668 
6359 7202 
3320 8128 
2608 8127 
3291 8128 
1247 448 
5360 968 
8058 2374 
546 7031 
5360 968 
2275 8014 
1108 8129 
5972 8129 
8130 78 
1248 759 
4342 4505 
7804 2554 
4059 2554 
6935 4505 
65 2473 
7998 6443 
97 4505 
834 5300 
821 821 
1784 7824 
4059 2374 
2022 2374 
892 8131 
850 8132 
856 78 
4085 8127 
850 8127 
1291 4633 
1951 8127 
4936 4936 
8098 8133 
3095 8023 
5717 2962 
4200 8127 
2957 759 
708 278 
5493 8133 
4059 4200 
8098 47 
7900 2732 
1234 47 
3320 47 
3977 3054 
2715 8134 
3928 8134 
6359 6980 
5941 8134 
6425 8023 
2738 7597 
193 2299 
