2260 4633 
43 2554 
442 4633 
1197 1761 
4795 11163 
1718 11164 
968 7768 
5724 5116 
11038 20 
11165 11166 
5437 4633 
7073 4682 
11167 11167 
11163 11163 
1499 220 
575 4902 
1611 9169 
1050 9169 
9870 7008 
6548 4682 
346 11165 
2022 11168 
2704 3528 
10528 220 
134 11169 
11165 11166 
6050 4682 
44 11169 
10644 1828 
7804 10974 
2621 220 
11170 9479 
1760 11171 
5192 10251 
2566 11171 
10997 11171 
9169 9169 
1995 1828 
1890 10190 
5499 10190 
1355 10251 
10537 11172 
10537 11173 
2215 6113 
562 10251 
43 11168 
571 10251 
4104 220 
2550 220 
8502 10190 
995 6885 
4719 4259 
404 220 
