5940 5999 
15 2071 
5882 1762 
5676 539 
158 5997 
156 5989 
1157 5999 
656 656 
5676 1099 
6000 5989 
5245 935 
5649 6001 
3489 3489 
5478 3825 
3095 5289 
5185 3825 
5185 5624 
3330 6002 
2122 4281 
312 5989 
1867 5289 
726 483 
6003 539 
1259 5989 
2146 6004 
6005 3186 
537 5289 
1760 4872 
6006 6007 
3095 6008 
4998 3186 
6009 2029 
3320 6010 
114 5989 
4011 6011 
5412 1099 
3686 5989 
4902 771 
4902 3888 
4902 1759 
3846 6012 
1890 3888 
5518 1170 
4902 6013 
1036 5989 
4363 6014 
5934 1551 
2785 182 
