1553 807 
1553 807 
1525 368 
616 368 
1378 1316 
298 1170 
656 656 
513 1548 
517 656 
1259 231 
1509 1298 
1554 368 
726 78 
1157 298 
86 78 
1030 159 
877 1546 
1509 135 
1248 1555 
368 78 
1542 78 
133 1288 
1402 1241 
1016 1555 
1556 1546 
77 951 
74 74 
1343 807 
726 951 
834 951 
1248 74 
526 951 
1242 951 
158 951 
616 951 
124 951 
1021 951 
1352 877 
220 1392 
459 1285 
1180 135 
822 951 
1309 951 
1552 26 
1557 1557 
20 1288 
1288 1392 
1558 951 
503 1392 
698 1173 
372 998 
850 1368 
429 1559 
503 1392 
238 1021 
1142 76 
81 1559 
1542 1370 
368 1173 
70 1170 
