1589 3333 
431 3333 
84 3333 
298 3333 
3540 3699 
3700 3021 
43 678 
346 1963 
2885 3701 
2896 2895 
995 3022 
2715 837 
1005 1323 
1343 3022 
1197 2285 
3660 3369 
238 2285 
1400 1170 
3643 3372 
3518 3364 
571 3372 
3613 2270 
356 3372 
173 1170 
3276 3372 
1177 284 
3578 3369 
372 3702 
204 1170 
298 1170 
1343 2620 
3703 1025 
3540 3021 
1884 2620 
1418 2632 
850 3704 
3340 1619 
1343 3705 
31 440 
2548 3706 
1790 3333 
1135 2576 
3560 1230 
2163 3707 
3708 3709 
3560 2895 
220 2895 
3540 3516 
2763 835 
2760 288 
3684 3316 
153 835 
236 3710 
3711 3516 
1851 3372 
997 2421 
1267 3340 
1601 3340 
238 3372 
412 3455 
3364 3340 
3684 3285 
3712 3516 
3316 2142 
1638 3285 
2729 3372 
1910 238 
2252 1803 
3713 3196 
2013 3316 
