5364 15310 
5282 10632 
7686 2732 
9764 8378 
14142 15311 
8650 14992 
3165 383 
15280 5052 
7686 13451 
15312 11704 
5724 15313 
15195 1922 
27 15314 
15315 15314 
7898 15314 
14308 2717 
5172 77 
4104 15314 
6193 15305 
3252 3789 
6193 8948 
14807 14264 
14838 9103 
8276 77 
4972 3577 
1350 15314 
2187 15314 
2534 4902 
8203 13973 
8904 15276 
1995 2370 
1036 4381 
15316 91 
4952 15175 
12541 15317 
14618 7848 
1355 7848 
14618 13973 
1890 1922 
9510 14791 
15318 14791 
15319 11817 
14618 11817 
8922 3636 
