2512 656 
2055 1494 
3959 3705 
3387 1127 
3643 1127 
2763 1127 
1805 1127 
431 1127 
3425 1127 
43 2374 
3425 459 
3960 459 
504 1127 
3696 3087 
1656 1127 
2055 77 
1790 1127 
3519 1127 
3320 974 
3519 1127 
1963 1127 
3247 2714 
138 1127 
1578 1127 
698 1127 
2187 2343 
850 1127 
1738 3863 
997 1127 
3364 1127 
2252 1803 
3811 849 
2811 1127 
995 1127 
453 3863 
1028 901 
901 834 
609 3961 
1611 1940 
1768 3962 
1050 3963 
74 368 
3770 704 
3120 3961 
2216 656 
2017 3964 
537 768 
2017 1133 
3394 2986 
850 1170 
3425 1170 
3840 3965 
3954 3965 
3219 3966 
1851 1291 
2216 3965 
1618 3965 
368 3670 
1442 278 
2510 2110 
1522 278 
1259 2136 
3967 539 
1890 3670 
3425 1247 
3968 3969 
2143 1247 
3425 2032 
901 278 
1805 2032 
1805 278 
3108 278 
3425 1247 
1400 278 
1170 26 
1400 3516 
1805 3969 
43 204 
3364 278 
