27 704 
121 48 
459 1661 
74 48 
84 808 
1680 577 
1209 1661 
945 1288 
34 298 
1681 1616 
1556 960 
1288 609 
1677 4 
1682 1288 
828 1683 
995 1683 
1503 187 
822 27 
1525 169 
124 169 
27 169 
372 1684 
70 569 
158 1288 
1099 1685 
1669 1685 
1445 169 
80 1686 
1371 539 
679 609 
124 233 
1687 298 
91 1288 
1138 233 
1688 233 
130 233 
1689 609 
1259 1690 
1691 1390 
1617 34 
1134 1323 
1282 668 
1408 336 
1611 1692 
850 1685 
1408 1692 
578 1288 
1259 749 
947 947 
768 1693 
44 1693 
1679 20 
1287 1694 
1638 1323 
1463 947 
1259 1695 
47 1695 
834 121 
412 34 
448 1693 
1696 124 
995 1323 
850 1697 
