1632 10194 
12205 12206 
12207 1936 
6833 7503 
2215 10762 
34 12206 
526 12207 
12032 12207 
2965 9233 
4397 468 
1215 10828 
6551 2765 
2965 12208 
5185 7503 
12205 2180 
2785 1247 
1611 2765 
29 1531 
8078 9233 
8922 12208 
8812 3607 
995 12065 
4297 2984 
9041 12207 
74 11504 
2996 2856 
877 9367 
2965 7123 
11886 7123 
5279 9233 
4593 2856 
7407 12209 
2694 2694 
1234 10853 
2704 12185 
6126 11488 
1952 10881 
2714 2765 
11663 12210 
1352 12211 
6126 10216 
2714 12212 
6932 2765 
2216 12185 
