11038 13001 
1323 1323 
10659 11914 
10659 4238 
10659 6666 
111 12489 
13002 11828 
13002 13003 
315 1762 
6358 11914 
6551 13004 
850 13004 
6510 1343 
6530 13004 
2163 11688 
2704 13005 
12650 12639 
57 13006 
837 4974 
7804 4866 
44 968 
12985 11562 
13007 12985 
13008 13009 
3831 11267 
109 2073 
3881 4683 
6367 3831 
12664 12289 
13010 11757 
11573 12934 
11573 10580 
12027 1323 
10842 11688 
1828 1828 
11573 12316 
4952 12316 
4158 12944 
5518 13011 
4593 13012 
1509 13013 
12925 13014 
3285 11688 
111 13015 
850 13011 
12091 12091 
6623 4514 
3781 13016 
12376 459 
6126 3831 
13017 77 
13017 408 
1256 4104 
724 10695 
7309 13018 
12157 408 
4866 12489 
1714 7282 
