224 569 
84 3292 
2785 1162 
1535 3484 
38 3627 
2785 138 
2811 3627 
177 3627 
1995 1560 
517 4811 
1851 818 
4732 123 
539 3789 
3095 3789 
1509 4785 
4407 4833 
315 679 
2411 1310 
2711 2576 
2351 4214 
2481 3648 
3384 4729 
4779 4834 
77 4834 
454 368 
1611 153 
312 4729 
1542 4834 
77 4835 
4741 138 
4631 679 
4631 4835 
945 4806 
3540 4835 
4297 4836 
2416 4367 
3798 4836 
4297 1355 
4297 2544 
3074 4835 
4754 3177 
3425 3177 
2576 4837 
1259 3034 
3881 4736 
80 4835 
442 4835 
2711 3177 
1522 4835 
3560 4835 
2764 2240 
1995 4834 
4407 3789 
3881 883 
1995 4838 
3770 4776 
3627 4839 
2077 4834 
2633 4839 
3627 2206 
2704 1310 
1780 2206 
1099 2206 
2704 1170 
3320 2077 
2714 431 
4059 2374 
138 1749 
2905 431 
4840 1543 
2637 4841 
1638 837 
