4902 17913 
6551 265 
1248 265 
11038 7095 
4902 19273 
4952 18797 
17389 15919 
4902 14128 
43 13147 
3295 17901 
835 19274 
6727 13147 
6193 18765 
2187 19275 
3396 14344 
19044 7780 
6727 14128 
4902 14709 
500 19271 
5972 18288 
19055 19276 
7804 14128 
6126 7095 
16261 19272 
7804 1582 
14618 17984 
575 17969 
14148 17208 
29 1582 
15220 3807 
18572 4589 
4246 5116 
3881 7095 
9334 5092 
19138 5731 
3542 18340 
9044 9044 
526 18340 
3807 2704 
1611 2704 
8750 18340 
18399 2704 
16261 2704 
9424 18785 
6721 19277 
1995 19278 
9715 162 
15 1582 
1138 883 
