3 168 
81 900 
224 505 
966 847 
966 168 
900 81 
966 184 
150 104 
81 965 
967 968 
3 900 
966 375 
158 900 
897 375 
188 505 
966 332 
517 900 
292 135 
815 960 
194 81 
822 900 
743 960 
98 505 
708 966 
188 943 
121 569 
968 802 
888 609 
27 943 
726 76 
900 749 
698 91 
182 592 
245 4 
134 220 
150 969 
27 76 
609 76 
27 76 
970 135 
84 76 
947 76 
78 76 
950 375 
44 76 
110 76 
220 76 
134 971 
110 76 
245 971 
3 969 
724 969 
66 220 
15 969 
524 969 
966 77 
15 569 
972 77 
188 121 
412 973 
459 76 
186 592 
34 973 
44 76 
726 135 
726 700 
98 121 
15 135 
123 667 
327 700 
327 220 
77 77 
61 77 
77 77 
187 850 
907 121 
187 949 
20 900 
20 900 
20 900 
20 900 
20 900 
20 900 
20 900 
166 77 
5 77 
5 77 
5 77 
327 76 
57 77 
656 656 
473 76 
800 76 
199 20 
670 77 
446 77 
140 667 
964 77 
950 76 
815 850 
173 77 
153 700 
194 77 
153 76 
968 26 
95 77 
141 20 
285 974 
690 969 
20 77 
285 974 
15 77 
814 140 
450 76 
950 158 
20 975 
15 431 
2 874 
204 874 
204 187 
