2758 4363 
7686 11710 
1350 11736 
111 10378 
3881 10378 
8263 10378 
8819 7726 
11706 278 
9470 11758 
2974 73 
122 8285 
2974 9081 
1762 1762 
4167 11759 
1890 11427 
1769 11760 
7697 11037 
7839 4128 
6126 3697 
11761 278 
4167 11746 
11762 11763 
11559 4633 
3207 8014 
1248 9639 
6193 571 
724 11764 
11462 10293 
10580 11765 
3881 11766 
11462 3655 
3928 3655 
5375 5375 
5972 8821 
11767 7202 
1632 7273 
9470 11758 
6457 11758 
1632 7273 
1656 11749 
1985 11768 
7522 278 
7885 11769 
1234 11768 
153 11769 
6457 11758 
6751 571 
10659 11324 
6359 4633 
1962 11628 
4972 1762 
6669 4633 
4104 9819 
8038 11686 
11688 8708 
2429 6457 
10186 8708 
