5985 9770 
5375 9635 
47 431 
724 9770 
48 894 
2714 3532 
3540 9070 
9614 4677 
9774 4633 
9614 9312 
726 4928 
7790 9208 
6548 9360 
1730 917 
138 9090 
7028 726 
9775 4677 
238 3006 
4497 8677 
526 4458 
850 6902 
4902 4776 
9479 4776 
3986 9479 
295 384 
2113 4902 
133 9635 
42 384 
9776 5267 
526 1050 
4902 9777 
9764 9245 
9510 670 
1760 9228 
4631 9319 
8468 4633 
9759 9759 
5927 8677 
1050 9778 
2758 4633 
9779 9780 
9781 459 
44 9782 
5948 9228 
708 9777 
5185 9319 
850 8825 
8904 8660 
2758 9783 
5493 5493 
4631 1589 
1495 9778 
2892 1890 
9513 1890 
