4297 845 
1379 8151 
5595 84 
8166 4795 
1350 8160 
4751 8167 
248 2594 
8168 6034 
2714 2811 
96 8152 
3126 8158 
4297 2594 
1379 5862 
3798 8165 
8169 4795 
265 248 
1509 248 
1761 5862 
1509 2594 
3272 1866 
616 8170 
516 5186 
7708 8171 
7900 8170 
708 3087 
6964 5788 
1343 5493 
6193 405 
616 6459 
6459 5788 
194 6459 
945 8172 
15 134 
3034 6459 
5298 7439 
61 6306 
34 7296 
3765 3497 
44 1594 
1718 6306 
1247 8173 
4297 6481 
1762 2599 
8174 4568 
6359 1767 
193 2782 
2136 845 
7759 4633 
4261 1767 
5360 7578 
3117 4633 
1247 7324 
171 2782 
8175 5186 
5518 5493 
3643 1780 
5086 1780 
6241 1780 
1108 1767 
1542 8176 
5518 8177 
