6126 11685 
5882 9636 
2714 7901 
5518 11686 
6193 2136 
9701 2136 
10659 2136 
4625 2136 
7804 6735 
5459 74 
1890 11657 
6669 2136 
4128 11687 
3239 2136 
3003 11559 
2482 9877 
194 2136 
11688 11559 
7708 11679 
312 11682 
8660 2136 
465 11689 
567 567 
9041 2136 
9238 2136 
2022 1163 
2481 3230 
850 3230 
7485 2136 
2055 6078 
11690 9224 
11166 6078 
6551 8909 
138 8909 
7708 8909 
995 11186 
11691 9051 
156 11692 
2077 2136 
44 9224 
759 11693 
638 9479 
2704 11694 
1995 3684 
453 3636 
2963 2267 
10659 11517 
4297 6735 
726 34 
8276 11517 
4072 11695 
4958 11696 
2267 9224 
1234 4795 
5452 11697 
10501 11697 
10537 11186 
1138 11517 
10406 11698 
7407 9479 
4497 11699 
901 11517 
3684 3684 
10398 11700 
