15452 13999 
15452 386 
15452 1809 
293 7234 
15452 1682 
4962 656 
8819 15454 
2879 15455 
15452 15456 
656 15305 
6334 1323 
7723 2534 
724 13973 
6721 15455 
15433 4962 
15305 7234 
7723 808 
4902 13973 
15305 15457 
11116 15397 
2728 8091 
14142 15305 
2548 4962 
14610 15305 
6802 13352 
11590 15458 
10659 15459 
15305 9394 
15305 15459 
15452 1 
5365 9394 
15452 10762 
15452 856 
15452 39 
901 7559 
15460 15461 
901 656 
14618 15391 
8098 5312 
335 2849 
10085 2704 
10627 15462 
13066 9394 
13973 15305 
