2796 2796 
196 2526 
1890 1121 
76 2676 
2797 2798 
2486 782 
459 807 
2021 807 
202 807 
2632 850 
1400 807 
298 782 
2790 298 
43 807 
1300 408 
2411 2389 
2351 298 
2799 1350 
459 298 
1598 570 
2800 608 
681 807 
453 782 
2494 807 
2638 2389 
76 807 
2214 807 
2790 431 
1293 570 
74 687 
43 69 
850 782 
193 2721 
2801 1636 
2548 459 
2714 2389 
2548 151 
1134 2802 
44 2801 
679 570 
1489 798 
1768 798 
2803 782 
2682 807 
2729 151 
2785 960 
537 2802 
2252 1121 
2548 569 
2714 347 
141 2804 
2535 2805 
2638 2806 
2214 2805 
546 2805 
2550 539 
278 539 
2763 2676 
382 2017 
1738 1567 
2785 2281 
43 2598 
1400 2676 
2763 2753 
2215 2753 
546 2753 
44 2612 
20 2765 
2094 2765 
44 2450 
20 2676 
925 1291 
2535 850 
2029 2450 
1977 850 
728 77 
2283 151 
89 2676 
439 34 
459 2753 
2535 278 
473 2336 
