7083 5697 
2714 7962 
5253 7957 
726 5697 
4220 5697 
3320 5697 
6987 5697 
3977 5697 
850 141 
109 6577 
2763 1693 
5375 7963 
7833 3607 
7964 4010 
2474 674 
616 4692 
6126 2473 
1509 7965 
335 335 
834 968 
6502 2010 
4104 6502 
6986 3977 
442 4692 
3226 4005 
4769 7966 
6510 7399 
3986 7967 
6161 726 
575 7963 
2640 1173 
7882 7198 
6510 6518 
2811 7967 
3086 6518 
3643 7959 
1611 7968 
1611 7959 
4114 726 
44 1050 
1371 7969 
1753 4902 
44 1099 
7970 4432 
7407 7959 
284 1759 
1890 7969 
7399 7959 
134 7971 
7407 304 
7956 7407 
7083 5171 
6987 7198 
256 7198 
