4989 2479 
2711 1951 
517 1489 
4766 1599 
708 1599 
1259 1046 
4122 2867 
1890 4990 
4446 656 
4991 4944 
2811 1275 
1522 4983 
4934 77 
4934 253 
4934 3108 
627 4992 
2481 3684 
182 420 
2879 1725 
3789 3684 
4975 3684 
4446 656 
2885 3364 
3394 2383 
3881 3684 
123 4993 
4877 3765 
315 2379 
726 2379 
4994 3765 
1890 3684 
1503 2379 
4902 4995 
2411 3765 
4934 349 
293 2336 
4683 4996 
224 4744 
2963 4744 
2429 86 
4741 1580 
3798 3684 
308 3684 
4510 4510 
2481 1045 
153 4072 
4477 4477 
2711 4505 
134 86 
4281 4997 
2711 2576 
1611 3684 
4975 4505 
698 3736 
1790 3684 
4059 86 
2022 4421 
945 4631 
4631 9 
4998 3684 
4007 3684 
2550 3684 
31 3684 
4877 2343 
2459 3684 
1036 4999 
3928 2994 
1050 1046 
2714 4668 
453 1951 
4970 9 
1738 3954 
5000 1489 
