2411 2468 
2136 2157 
1768 1747 
1784 2673 
2687 2157 
850 2688 
2136 1015 
1936 1388 
1154 1388 
2558 234 
459 1691 
2029 315 
681 77 
20 2077 
2689 288 
1867 2077 
2094 234 
2256 315 
698 2077 
1005 2077 
1691 20 
182 2671 
34 2077 
1784 688 
459 2077 
459 2676 
145 2676 
42 2157 
709 431 
44 2690 
89 2648 
173 2673 
76 77 
138 1199 
2681 900 
726 2676 
850 1388 
1050 1529 
459 70 
1259 2673 
2234 901 
1259 2157 
532 2605 
517 2211 
2480 2673 
1633 234 
2691 2278 
2557 2673 
2692 459 
1728 2299 
153 2629 
2632 2673 
120 1123 
153 551 
2629 1643 
837 2278 
188 2256 
2599 89 
2510 62 
539 2693 
2322 62 
768 62 
48 234 
2285 2305 
2285 2305 
1489 2694 
