6683 5788 
3320 2479 
43 86 
6161 8137 
3821 4888 
555 1119 
1190 8144 
7374 2856 
3846 5127 
1197 8142 
575 7996 
134 2479 
3846 2479 
134 1190 
7767 2856 
2963 7996 
819 2856 
2481 3230 
834 5127 
1108 3283 
4505 8145 
3320 1594 
193 1594 
1851 6237 
3291 1594 
2429 1594 
6510 8056 
7576 2856 
8098 1197 
453 8146 
8147 7996 
834 7740 
8138 1633 
3643 2856 
5972 4221 
5972 8144 
1108 4683 
819 2856 
1598 5580 
8148 627 
193 3497 
6964 6965 
98 8149 
7900 8149 
2640 2856 
6702 6303 
850 3230 
5493 627 
8150 5834 
2255 4593 
1995 1594 
1910 522 
2481 759 
431 2856 
431 2856 
431 2856 
7407 8151 
2704 8152 
6869 2856 
5493 8151 
3643 8151 
2022 4593 
8153 4516 
138 8143 
2963 8143 
6821 8154 
