6510 7024 
575 8588 
346 5205 
1099 3372 
3553 4889 
38 5205 
38 5205 
8316 8587 
6136 8589 
84 8589 
4631 6526 
134 6526 
6751 6526 
2704 3182 
4902 3182 
1452 3182 
8590 3182 
158 3182 
5192 8591 
8536 3182 
1890 917 
3334 3182 
3334 6526 
2163 2704 
2758 6526 
1350 6526 
4297 8592 
1714 3182 
5279 8128 
8593 1625 
158 8142 
5279 6885 
4631 8493 
8594 8595 
8098 3182 
8067 3182 
3226 3182 
1099 3182 
6161 3372 
2983 2983 
268 537 
1352 8595 
4743 8530 
2664 5205 
2163 2704 
8316 4235 
6599 2136 
2053 6495 
1050 6495 
5019 4505 
4902 8515 
8431 8515 
224 4505 
4902 8596 
4902 2344 
2758 5724 
