6845 6601 
6530 6712 
2638 6725 
6193 6163 
6846 6826 
6847 408 
3928 1749 
5279 6241 
6110 2594 
6513 6725 
877 3881 
2090 6313 
4643 6241 
539 3686 
42 2187 
793 1749 
1352 6841 
4769 6753 
6193 571 
2037 2037 
1379 6842 
2811 3881 
2963 6848 
6510 6819 
1408 2319 
182 5418 
4281 77 
6844 4633 
1259 2551 
133 727 
555 1582 
6849 1115 
5612 448 
1259 4800 
3696 4593 
5279 6805 
850 1115 
2763 47 
5491 3239 
850 4924 
1248 1115 
3083 1115 
4005 5763 
4643 6850 
4072 6851 
4643 727 
3686 3928 
1259 4800 
34 6499 
3881 4072 
2619 409 
5518 6852 
2763 6753 
850 6852 
409 1 
6334 6081 
4363 1471 
5518 1471 
5279 74 
2963 74 
346 3320 
6853 1471 
153 6852 
5518 4363 
