7804 12918 
609 7295 
11517 9495 
12919 9495 
10537 2554 
468 9495 
12096 4874 
10659 9495 
2763 6178 
2275 9066 
84 12744 
8098 6178 
12918 2554 
4011 12920 
156 12921 
3540 12920 
1495 6178 
4762 8392 
156 11182 
12887 12922 
5376 12739 
5972 11182 
77 11182 
567 12530 
5298 11182 
9764 12715 
10842 11182 
12130 11182 
3881 3881 
5092 2029 
11573 9495 
6721 6178 
12316 11333 
12923 1350 
1197 1228 
8660 12715 
8922 562 
3928 9334 
12316 11573 
7407 12924 
3479 9159 
12925 9159 
57 12924 
11573 5883 
12756 11234 
6987 7202 
4952 3148 
2122 3148 
4104 1234 
10186 3148 
6721 12926 
2215 2550 
2351 2550 
256 9066 
8200 1890 
