2090 5136 
3881 5235 
4011 1992 
256 4446 
1032 1928 
4902 5237 
726 4446 
4902 5238 
2429 644 
2963 5127 
4510 1601 
4589 1928 
458 4446 
5239 1928 
997 1601 
2673 919 
4902 720 
453 1601 
4771 94 
1890 5127 
4625 4446 
3438 2519 
995 5127 
71 802 
1611 5215 
188 802 
188 1963 
4005 5238 
3540 5238 
4072 5238 
1614 346 
171 5127 
2875 3230 
5240 2216 
153 4692 
4100 4100 
4100 4100 
140 993 
2704 919 
933 919 
4072 4432 
5226 630 
2763 2554 
71 2554 
1350 3247 
3553 4064 
4631 2554 
44 5196 
77 2554 
