1248 8303 
3320 14948 
14949 13681 
12827 12827 
84 14947 
8059 11523 
13998 1963 
84 8778 
7804 4873 
8819 4902 
7804 14950 
4072 4992 
4072 14951 
1041 10668 
6126 6965 
708 4902 
7078 8778 
12194 14952 
138 14952 
500 14953 
6193 14954 
575 8778 
8142 14952 
14955 850 
572 1828 
1784 4458 
2714 12827 
14618 4405 
11590 10297 
44 14956 
4769 14957 
10578 4119 
5279 14533 
1352 13543 
5279 968 
1995 13981 
11197 14370 
5185 5493 
11504 11504 
12956 5493 
4631 14958 
14378 5493 
10537 5493 
14206 4454 
10853 14928 
14206 14959 
6174 7202 
4896 14960 
43 5493 
1614 14912 
10659 13024 
2704 13543 
13822 14961 
14618 14962 
2351 14962 
12036 798 
877 9689 
