12155 2246 
2717 17520 
16132 293 
17294 293 
1963 17518 
17521 15237 
16999 15972 
4952 11999 
1350 4221 
2704 17522 
8424 17523 
5882 13973 
17524 6175 
1614 17525 
3540 15439 
5972 293 
14308 17526 
4902 17520 
4122 572 
17527 15847 
3230 2651 
4122 3159 
14618 17528 
3239 17529 
6646 9295 
7431 5452 
3230 17517 
5329 14257 
6126 17510 
17530 8046 
11038 17531 
2287 17532 
14089 15439 
16768 605 
995 5185 
111 7095 
2090 17533 
14089 17534 
11016 5185 
17294 9827 
17417 17535 
14465 17536 
3320 17537 
6193 1189 
12321 14378 
