3847 1234 
2281 3874 
3876 2029 
698 2029 
1343 3627 
907 298 
3847 1 
3877 1749 
3327 506 
3878 3497 
1947 3627 
2963 2229 
3863 1928 
2187 1928 
3823 849 
1343 3879 
575 3627 
138 759 
3840 3419 
2963 2958 
2187 849 
3540 3419 
1714 3819 
759 3419 
2691 3419 
2195 2195 
3540 3873 
3823 3873 
1442 3419 
1805 3419 
2216 1050 
1050 1170 
1092 2619 
1378 1170 
3880 284 
1197 759 
3554 3419 
3332 3332 
153 284 
1995 3395 
722 3589 
312 3627 
2714 3589 
835 3589 
2963 2234 
722 3589 
947 284 
3881 3589 
1847 3882 
3881 3167 
834 1323 
2714 3882 
3883 1224 
1890 2526 
368 2526 
138 522 
3578 1050 
2021 3884 
613 571 
