734 8378 
2638 8810 
13593 14114 
4972 3553 
3986 8810 
1155 1890 
3415 3529 
14354 12385 
13311 12385 
14355 13615 
98 5836 
4902 14347 
14308 2704 
2351 11188 
8276 14356 
14320 5376 
3781 14357 
14358 935 
7021 13615 
11590 10297 
14279 8239 
1036 14359 
14325 14325 
4593 5958 
11358 14320 
800 14360 
13900 7894 
1352 14361 
14362 14363 
6126 12768 
468 5205 
3320 1797 
5205 9959 
4325 14364 
4902 14149 
6599 7894 
2638 14365 
4769 12791 
5972 14366 
14282 5685 
546 14149 
14367 5836 
7708 14368 
14240 11970 
13806 9173 
14341 77 
