9764 8655 
2055 10696 
10697 10667 
10667 10698 
1851 10697 
698 1228 
2481 8655 
1962 7251 
1352 7251 
7804 10667 
4631 7251 
1556 7251 
2571 7251 
6241 1005 
111 10699 
10596 7251 
3540 8774 
7753 668 
2758 7251 
10700 7898 
605 7251 
834 10697 
7804 10701 
9510 10683 
7804 10702 
850 6501 
901 7251 
1696 10680 
1696 10698 
1556 4348 
2419 9228 
6174 10701 
7804 10693 
9376 1352 
2053 6669 
10703 2266 
10704 60 
9493 10701 
3847 7251 
10705 7251 
412 10692 
5578 7251 
10706 1352 
2599 7251 
10698 10698 
1468 7251 
10596 10698 
3475 7251 
4072 295 
