616 8667 
5712 6443 
158 9285 
4011 4545 
453 9327 
2275 1893 
29 6247 
6987 4505 
74 2029 
4397 9328 
4596 7782 
2619 7782 
9329 4072 
6239 1247 
4497 9330 
9238 5726 
9329 431 
8355 1247 
8750 9330 
5459 1291 
2714 2216 
1 9331 
3877 4381 
158 9332 
7686 8490 
2714 8490 
1108 9285 
4497 9332 
2394 4545 
3095 9333 
256 199 
6333 4545 
158 199 
6193 9328 
1851 9154 
1578 199 
3881 4545 
9292 9333 
2550 9328 
2216 2216 
6334 1890 
9334 9335 
5499 9335 
8660 704 
539 9336 
5493 9336 
3881 9337 
9276 9276 
133 3928 
1664 3186 
9338 7497 
8750 6034 
3540 6381 
158 5635 
