96 1045 
2599 1045 
877 234 
575 708 
1890 184 
1784 2732 
34 2267 
690 1045 
1350 1288 
1768 2267 
502 184 
2693 1045 
2693 234 
2548 2267 
2252 298 
1400 234 
2077 2599 
77 221 
1259 184 
1400 221 
517 184 
504 221 
1936 1196 
2252 1963 
2474 1471 
1556 278 
1015 221 
2548 1963 
134 1323 
1247 221 
1307 2419 
1611 1196 
1963 1323 
679 184 
709 808 
2682 849 
1300 2733 
2682 1963 
575 221 
2734 34 
2734 1835 
1784 1323 
204 2735 
656 1323 
15 2736 
2021 2737 
2021 182 
278 182 
2714 182 
546 298 
109 2736 
1371 298 
2738 2737 
2739 182 
2450 298 
2155 2725 
1522 234 
20 2740 
412 77 
153 1323 
27 298 
2459 2735 
2741 708 
2113 656 
1704 184 
2717 1759 
1197 2742 
2612 2742 
1350 1963 
2459 2743 
44 1323 
2725 1323 
2098 537 
1108 815 
1522 184 
2397 1939 
453 815 
850 2742 
2725 609 
