1995 5881 
84 14636 
3881 21549 
1805 8023 
10546 8023 
77 8023 
12422 21567 
5941 1797 
6838 1797 
1108 21568 
9764 1138 
1350 21549 
1350 21549 
10194 13973 
17924 16166 
2929 9051 
3239 21569 
4902 21570 
7686 2211 
4902 6987 
837 6987 
1890 1052 
4011 9692 
7686 21353 
15019 21549 
2640 21549 
20584 17301 
3831 6987 
21571 19271 
5493 17549 
16155 5499 
14465 18796 
21572 7394 
15191 1957 
6126 1957 
21395 21395 
1248 14276 
14571 1247 
6126 14300 
1985 5006 
21150 21573 
5493 21574 
9764 734 
6646 14452 
2535 734 
2638 17549 
