4363 6931 
616 4027 
1355 1594 
2481 6852 
3247 2136 
188 34 
5367 6932 
37 6933 
3798 2370 
6934 1405 
346 4220 
6935 2594 
3986 347 
284 6929 
1036 1099 
997 6218 
6193 1718 
6936 4568 
4126 347 
153 6937 
6938 77 
6802 2811 
2576 1818 
2429 6831 
6073 6932 
850 1818 
2588 6901 
6929 6929 
6751 6930 
575 4027 
34 77 
268 6218 
1805 6939 
5280 6230 
315 4966 
6940 6800 
1768 77 
6941 6942 
171 101 
3239 6943 
171 6718 
6549 2576 
6944 154 
1611 6218 
883 6218 
3320 6831 
3664 6945 
2704 6946 
3846 6831 
5279 3928 
278 6218 
4072 6218 
537 6218 
3636 901 
4297 1797 
6530 6672 
4769 6672 
60 6800 
