5972 17246 
282 48 
7078 4076 
17263 2479 
771 3159 
5972 17264 
16370 17265 
17266 34 
1307 48 
16444 17267 
16938 16938 
138 17222 
6380 7780 
77 17222 
1248 17268 
14673 11890 
2061 17269 
731 2599 
16599 77 
2061 10233 
5972 14264 
10364 6774 
5282 17220 
14474 77 
4719 10233 
1352 17246 
5896 17222 
1611 5991 
5491 16444 
12791 14264 
13557 17270 
7186 17271 
7407 16333 
6334 5991 
4859 14264 
9051 14187 
11710 7700 
7407 10233 
4643 17199 
2763 17272 
17262 6370 
16227 17273 
3781 14912 
14612 16181 
