12127 9846 
1890 8052 
12416 9154 
11197 12433 
2758 3577 
10537 537 
11279 12377 
6932 60 
12434 12054 
156 8052 
2638 12435 
6241 4497 
1853 11329 
8458 12436 
2599 2599 
2029 1761 
4497 11666 
2758 7740 
877 12433 
2599 6623 
6510 4104 
7885 12436 
2397 7804 
7407 9712 
193 6997 
12308 12437 
4919 5457 
616 6669 
2704 9400 
2963 288 
4972 6669 
1247 4973 
12416 312 
9819 312 
12438 850 
12032 11887 
12214 12439 
3540 12435 
9154 9154 
2758 6669 
8913 12440 
12441 459 
2758 1761 
5093 4633 
4011 12442 
5093 4633 
12443 11327 
12444 1170 
