9764 2599 
256 14024 
8633 968 
6721 14142 
12157 13692 
14264 14611 
13066 13692 
14612 14612 
1350 5556 
13981 12381 
256 13692 
14482 408 
9639 12381 
14613 13692 
1611 13692 
11016 13813 
4902 14614 
14206 13692 
14428 13692 
7804 1138 
12791 13692 
14107 14490 
14615 3356 
2640 13692 
14206 1234 
11358 4902 
382 410 
13862 13692 
13837 14616 
3340 10216 
14474 8770 
10668 13525 
14617 13692 
2879 10424 
4407 11992 
14618 14490 
4104 1234 
2447 4104 
5556 11092 
14415 13692 
312 8095 
1890 10727 
850 12404 
14482 2136 
