1890 571 
571 1975 
2714 3885 
1522 2638 
372 2638 
3627 3627 
3886 537 
2896 3736 
1378 3885 
3887 2323 
609 3643 
2411 3052 
1157 2976 
2481 3882 
1888 3285 
3540 1050 
1343 2983 
2113 3285 
2994 2994 
2994 77 
2714 2175 
57 3643 
1727 2351 
2548 3888 
1611 2983 
1611 1086 
86 3888 
609 1086 
1611 1522 
173 3889 
616 834 
77 3889 
3890 1086 
726 3891 
616 3891 
2211 1086 
2801 1381 
2714 1086 
1619 2852 
3892 2480 
1050 3036 
20 91 
2216 3036 
2216 3036 
1247 91 
2216 3036 
1058 182 
38 3036 
138 2029 
442 2638 
3823 1530 
109 91 
2216 94 
2248 1522 
519 3036 
3823 3893 
1050 3884 
3894 140 
3895 94 
3823 184 
903 2983 
3643 3036 
3823 676 
20 676 
109 157 
1784 3036 
2608 2175 
1300 3052 
3863 1993 
408 3036 
1378 3333 
1108 3333 
34 3036 
3331 3896 
48 91 
3331 2207 
1343 3897 
43 3897 
238 91 
3739 2207 
386 3896 
20 3896 
3578 609 
