14976 15182 
9747 6672 
1985 821 
2885 2289 
3877 8872 
724 9855 
11038 1429 
11038 15183 
11846 15000 
2481 60 
12650 13984 
104 13615 
8948 15183 
1951 13255 
14473 10102 
10659 11845 
1851 15184 
1177 1691 
6174 10719 
9510 60 
2451 13543 
77 60 
4896 256 
15185 4312 
2447 9081 
4072 15186 
11026 960 
4719 4962 
15187 15188 
14618 12904 
14722 15188 
15189 12904 
10521 13543 
11116 2576 
1355 1234 
613 11393 
6480 13917 
8660 15136 
6174 1371 
111 12765 
572 15190 
4593 12904 
15191 3881 
13837 14979 
1531 4568 
