834 1459 
4972 1762 
10899 4873 
3894 10166 
7804 4048 
10166 10907 
8827 10806 
9430 8524 
1611 3291 
404 3291 
2704 4944 
5305 4944 
3986 8524 
4972 3553 
4902 10903 
819 1291 
7309 1578 
74 77 
27 10293 
10293 10293 
10842 2136 
5279 1853 
10189 6443 
10908 2465 
4269 4633 
202 6833 
1197 6833 
158 10909 
10189 2016 
10537 10910 
4934 77 
10911 9479 
10912 10903 
6126 6966 
3034 6966 
9238 10913 
4497 10914 
4972 1762 
2638 5136 
3415 1762 
10915 10916 
10917 10766 
43 10916 
10842 2704 
2351 4838 
372 5136 
9560 2704 
7804 10918 
1910 71 
8120 10871 
