4141 4270 
4271 609 
1343 768 
4271 115 
4272 2488 
4273 4273 
1951 4266 
2446 4270 
2997 4273 
1259 2281 
368 3398 
1790 3285 
4258 3600 
4274 4111 
2351 2315 
174 2315 
3846 4230 
3978 4273 
182 4275 
2055 1805 
2963 3285 
4125 1805 
153 1959 
3963 4276 
834 3398 
1310 9 
3686 4111 
834 1959 
575 3398 
3368 3809 
44 824 
3484 2638 
44 2281 
555 4273 
759 2852 
4269 4238 
1259 2562 
2556 768 
3425 1177 
20 4277 
20 4277 
1381 1928 
3770 4238 
141 522 
4237 4237 
3770 4266 
3239 1959 
284 4266 
3881 2678 
4246 1928 
4163 20 
4246 1928 
1408 3945 
3169 110 
1489 2995 
4278 2562 
2267 4086 
2267 1247 
2714 1959 
86 572 
2216 1173 
43 4230 
903 2995 
1704 3137 
1951 4237 
1350 110 
3247 2576 
2714 1173 
76 2664 
2543 284 
997 110 
2215 4279 
1115 4280 
2704 1173 
