1805 11618 
5972 10829 
9715 8103 
11462 9051 
27 2114 
1682 256 
4025 2843 
43 4507 
8067 9819 
8819 11619 
11620 2425 
9510 11621 
995 7735 
567 3281 
1350 6645 
11622 10508 
4011 11618 
681 11618 
4497 11623 
1542 3423 
11593 5252 
850 11624 
97 894 
11625 8660 
5070 5070 
575 7975 
850 3308 
4297 2425 
4072 11266 
11462 9051 
2215 894 
6457 2425 
9158 10972 
1760 11626 
1951 9992 
572 11627 
3320 11627 
11462 11627 
4633 11628 
4264 11626 
111 894 
3186 2157 
11359 30 
8660 11627 
6457 2425 
138 1247 
7028 894 
7804 894 
9819 2551 
8494 11629 
