1365 459 
34 2136 
1838 234 
2021 2207 
162 459 
690 203 
459 459 
1164 1392 
295 2211 
837 2136 
1951 203 
1 890 
1053 1408 
2216 1239 
2211 1045 
1761 2211 
546 1449 
726 159 
1209 1050 
1190 1045 
687 234 
194 234 
1121 1045 
1961 1190 
1236 656 
575 1998 
2217 2218 
1141 159 
1541 2162 
195 1045 
850 1046 
95 234 
1761 1046 
1761 1273 
837 1761 
1248 1670 
120 2136 
850 1273 
77 1273 
2219 1927 
27 159 
1611 1050 
158 664 
1248 2220 
616 1029 
459 2220 
1760 294 
38 1190 
2072 616 
1760 1190 
1223 27 
278 234 
539 798 
2221 2021 
945 27 
1223 2222 
1951 2223 
539 2221 
2158 808 
140 1963 
2216 60 
544 159 
1927 2224 
609 1963 
572 234 
1761 1963 
2215 1911 
194 1963 
193 1963 
2216 724 
1927 2225 
