850 18869 
2287 20805 
12054 20806 
20807 10675 
995 278 
15276 15276 
13615 5493 
158 278 
6987 278 
43 20808 
11016 278 
2704 20809 
16373 18869 
4902 17156 
4902 20810 
1452 3871 
724 18347 
20811 20810 
7407 3871 
681 278 
3230 20250 
13837 19890 
8676 8667 
16773 2071 
18603 5616 
4692 20812 
9028 837 
1611 20812 
4407 20813 
1805 20580 
20636 2909 
138 20814 
503 15439 
5493 13615 
12054 20814 
20483 17455 
9475 20745 
16773 1163 
19633 15276 
11359 20499 
20253 2704 
4902 10018 
15322 15461 
