6334 1411 
4297 5838 
1760 1411 
3986 2227 
5972 2227 
6241 1 
6241 1 
6241 77 
3540 1170 
1452 6519 
6694 1 
8 3529 
539 6283 
6111 1 
995 609 
872 1 
995 6283 
1350 609 
405 609 
3540 6695 
850 6696 
4246 1411 
4246 609 
834 2136 
2106 6283 
3696 4593 
2599 284 
6625 6192 
4870 6697 
757 5418 
4643 2087 
3425 5912 
5504 5912 
1867 2087 
1452 6695 
5499 6697 
2576 1170 
6698 6697 
6597 6597 
4392 4392 
872 6699 
4593 332 
850 1170 
2879 2879 
5192 6699 
43 6700 
6701 6701 
3627 6034 
6702 4643 
6359 5418 
3627 6034 
3627 6703 
