1352 656 
1352 656 
204 1355 
609 1367 
188 808 
1391 382 
1355 346 
364 304 
77 1367 
1355 137 
1259 1355 
925 298 
368 15 
66 1355 
134 1355 
74 298 
20 874 
503 1355 
726 298 
1259 1355 
8 298 
1259 66 
539 1355 
1134 110 
1248 1390 
43 987 
15 298 
459 403 
1282 81 
1236 204 
380 1189 
204 1392 
43 1392 
194 223 
15 110 
1025 1355 
368 31 
459 960 
609 442 
1393 98 
459 220 
726 1394 
1209 1394 
1368 960 
140 31 
1338 1395 
687 1394 
1369 64 
837 1190 
850 1394 
1396 1394 
81 1397 
1248 960 
831 244 
182 1397 
384 204 
