5491 2599 
410 13066 
2827 13066 
14584 13066 
5499 14954 
15352 13066 
14142 13066 
15353 2543 
7078 6641 
194 13066 
2255 798 
2255 7389 
8098 15303 
5180 15303 
6721 15303 
15354 13066 
2481 14212 
6721 14693 
77 15305 
11108 8909 
8454 15271 
4568 13066 
1890 4873 
15108 5326 
15355 13066 
15321 15305 
10659 15305 
9992 9992 
15356 13066 
5185 15357 
1343 15358 
15359 13066 
3540 15305 
202 4962 
1995 5883 
7078 13066 
77 2164 
2534 4995 
459 6443 
15360 15361 
14618 2164 
15220 4795 
575 834 
15220 4795 
15220 4795 
15220 4795 
15220 4795 
15220 4795 
10537 15362 
9747 15363 
5493 4962 
13932 4962 
5493 14762 
2534 6008 
5493 15364 
5185 14762 
4263 15365 
8098 9479 
3159 15366 
4263 15198 
1495 15367 
15368 5493 
1890 15369 
14618 15365 
4593 15370 
8676 1725 
15371 15372 
