3583 3583 
3540 3540 
1248 50 
3364 2963 
3673 2229 
3673 905 
1995 2405 
3369 2454 
2411 1940 
3658 2136 
564 3641 
616 3641 
2576 3674 
2599 34 
153 3641 
997 3140 
3239 442 
1135 3675 
3364 76 
3676 1230 
368 3455 
204 3677 
2392 3677 
34 1032 
785 1032 
3678 50 
2704 1 
3679 1 
3643 3594 
1049 1 
3292 1 
3680 633 
1947 903 
3516 633 
572 903 
445 3458 
1947 834 
850 513 
2168 2405 
3022 50 
123 903 
3681 140 
2868 3588 
3453 834 
400 428 
2868 731 
3643 616 
3518 3682 
3364 616 
254 616 
3578 3458 
2411 3683 
2481 731 
3684 3685 
3627 2172 
44 3684 
1108 815 
757 3685 
123 2976 
3686 3592 
71 616 
3687 3688 
1378 2895 
3320 903 
2195 1917 
