6126 8900 
1521 1589 
4593 6744 
7708 4310 
5126 8901 
4274 4059 
3977 6744 
3872 1355 
1489 8366 
850 1349 
575 8366 
8864 8864 
834 6744 
8242 1234 
224 8449 
2758 8844 
2758 4481 
3928 8366 
74 4481 
2963 8449 
97 1589 
3095 4735 
8902 8902 
3977 7004 
2717 8901 
162 7004 
567 5985 
8903 2715 
84 1497 
1050 3977 
194 6964 
3928 1497 
8904 6163 
1309 278 
6034 8905 
2714 5985 
7723 7972 
2446 278 
2351 5399 
6241 4363 
1851 6717 
2714 2704 
724 1749 
3007 1350 
1138 278 
8660 2704 
1309 1916 
8906 8906 
