34 2673 
815 1767 
627 2554 
2977 1350 
15 2554 
687 2554 
256 2554 
2449 2554 
2725 264 
1032 278 
504 2554 
2982 2621 
1768 1618 
1535 278 
1099 919 
2811 2583 
2982 2977 
2725 1567 
1730 48 
1638 2612 
15 2612 
97 919 
44 2270 
1350 919 
69 2612 
2252 1618 
2999 539 
679 919 
575 1935 
3000 1425 
445 3001 
1434 2554 
1400 3002 
2811 3001 
44 501 
3003 3001 
1768 1589 
3004 2998 
256 2447 
2957 1350 
2214 2997 
888 453 
1664 3005 
2548 1963 
2934 3006 
3007 1963 
153 501 
1368 2979 
2763 569 
256 919 
3008 2389 
256 919 
1256 3006 
284 1963 
278 919 
278 919 
2957 1062 
43 2113 
668 2411 
2446 2935 
97 97 
1030 569 
2021 1247 
1730 1247 
287 1960 
2763 1960 
2545 1247 
188 1291 
256 656 
