120 2136 
1851 1164 
567 2341 
182 2344 
44 726 
337 2136 
1452 919 
947 2245 
31 1015 
1761 919 
2021 1189 
2215 692 
1365 1189 
1541 26 
27 692 
1384 1406 
572 265 
1247 265 
453 1640 
995 1939 
368 404 
687 1761 
759 2341 
182 2344 
1696 692 
1638 2241 
689 1029 
464 2295 
837 404 
837 2241 
2215 2330 
2009 1406 
459 1939 
1197 2341 
2216 404 
89 459 
863 347 
278 919 
2053 679 
372 459 
133 1951 
1309 679 
850 2345 
2272 569 
1309 459 
44 1803 
1638 1803 
616 2346 
1638 2347 
609 935 
372 1640 
188 1030 
