10659 47 
6126 2923 
10659 3881 
7431 759 
2351 8937 
10659 11559 
11309 11793 
613 11811 
882 7431 
382 10988 
877 7780 
4011 10988 
726 11666 
10659 11812 
6126 11812 
6126 11813 
7804 4958 
526 6078 
11762 11600 
5478 726 
11472 11814 
10659 2136 
5882 11796 
256 4958 
6551 9882 
8276 2136 
7389 11815 
850 11816 
1513 11815 
8660 11600 
6126 2136 
11369 11817 
11818 9479 
4104 10782 
453 11810 
15 2856 
11472 11814 
3540 11815 
6551 9944 
11819 11820 
5822 5291 
3924 11559 
3881 11600 
8660 2299 
