194 18327 
1379 2704 
19131 19132 
6367 18902 
850 3807 
4902 19133 
16333 19134 
19044 9622 
7394 18902 
19079 19135 
153 18983 
19079 18461 
6551 14793 
13147 18984 
6174 19136 
1890 18193 
16333 19134 
18750 6499 
18868 17359 
11092 11926 
1611 2811 
4134 19124 
4269 2535 
18312 2491 
11914 1408 
18387 3807 
4261 18797 
12054 5816 
835 19137 
6126 18312 
5185 2811 
6334 2535 
19138 17791 
4990 903 
6551 3807 
4072 19137 
7186 13543 
9342 1853 
19139 19101 
9510 3807 
15708 2535 
2351 13829 
19140 14671 
1939 19141 
4902 5723 
2811 2811 
