3331 4633 
10439 10439 
256 800 
4711 10446 
1309 10203 
4902 7073 
2370 2370 
2957 10446 
6358 298 
10447 4633 
1352 10448 
10449 4633 
6543 3222 
724 405 
10450 405 
8431 9926 
10451 10452 
575 4902 
7878 298 
7900 4902 
8634 8634 
9764 1582 
10453 8287 
5972 1582 
5941 7185 
44 8634 
3540 1170 
9306 5182 
771 10448 
141 8634 
1247 569 
3394 844 
44 10439 
7745 8634 
901 5182 
8660 405 
8625 8634 
8735 10454 
3291 844 
2550 8634 
5518 964 
10455 1455 
5518 10456 
5493 442 
71 9642 
734 2407 
8376 10457 
2351 9701 
6457 9642 
3847 4902 
10458 10371 
10458 4348 
150 405 
3239 10459 
1099 405 
