675 29 
121 678 
287 678 
488 90 
27 90 
453 300 
49 659 
15 90 
679 288 
27 26 
194 90 
15 26 
27 233 
43 151 
29 151 
564 33 
15 233 
26 57 
199 90 
656 128 
454 612 
121 420 
224 140 
26 140 
26 248 
27 248 
1 248 
680 151 
1 174 
1 420 
505 332 
4 174 
634 332 
505 26 
4 174 
681 26 
80 682 
43 251 
43 682 
34 26 
29 682 
110 682 
31 26 
248 251 
256 681 
492 26 
613 26 
248 43 
389 251 
129 43 
86 616 
299 683 
656 110 
167 684 
685 332 
300 682 
123 616 
158 284 
140 184 
675 248 
406 284 
43 683 
153 681 
98 459 
442 90 
648 284 
27 26 
488 184 
