204 1272 
945 1247 
81 1225 
945 1271 
368 1272 
1142 1025 
9 1264 
95 1272 
1239 20 
69 1272 
245 1271 
140 1264 
1190 1272 
97 1227 
1213 20 
1236 1272 
877 1272 
877 1225 
194 20 
346 20 
1236 26 
1236 26 
15 15 
565 1272 
77 1272 
15 169 
1108 1247 
1270 769 
1108 641 
400 97 
708 1203 
104 1273 
1274 1247 
1256 20 
1259 204 
346 204 
199 1247 
1225 1225 
199 1247 
110 15 
245 204 
901 458 
564 1273 
15 15 
777 1273 
1246 162 
616 458 
26 458 
121 458 
1259 137 
453 668 
245 26 
502 15 
368 1190 
43 137 
287 668 
204 1275 
850 1275 
1236 458 
1121 458 
896 26 
412 458 
1032 1275 
945 1203 
1270 656 
1032 368 
1270 20 
110 1050 
123 1276 
256 718 
539 1203 
901 20 
459 1050 
459 1234 
1219 1050 
1219 1277 
47 458 
116 1050 
564 20 
943 187 
1234 62 
1236 187 
27 1247 
8 1190 
459 1247 
97 1173 
1236 1278 
459 8 
1236 204 
1155 8 
81 1247 
446 187 
43 8 
