95 509 
294 509 
945 2254 
1749 1749 
2262 295 
2263 1949 
1760 509 
31 1939 
1135 849 
965 849 
679 849 
1378 2207 
2124 849 
77 2264 
1135 2264 
20 34 
1784 849 
810 2264 
2226 849 
1251 509 
1408 2264 
1408 989 
903 903 
101 34 
2265 509 
347 509 
2246 294 
27 34 
95 294 
850 248 
901 294 
44 1638 
1300 2211 
60 2211 
726 34 
1248 248 
1343 2264 
1790 1531 
1259 101 
2234 13 
1189 2266 
2246 849 
432 432 
2021 2207 
182 432 
2234 509 
77 2236 
2246 34 
2234 1288 
450 2029 
2246 99 
459 2236 
459 1163 
47 1163 
1947 903 
894 2154 
734 312 
2267 34 
2267 77 
153 2236 
412 2268 
2267 1872 
1947 298 
2267 34 
616 288 
2256 288 
2240 294 
368 945 
2241 1367 
2256 225 
1890 945 
1282 1267 
1352 849 
