508 9370 
6126 10216 
29 9370 
12636 12889 
138 3308 
6126 10216 
6241 7791 
12900 8867 
835 4458 
7078 3396 
8141 5073 
12739 12739 
3104 91 
8818 7078 
476 7780 
2535 3765 
1995 8818 
8922 12901 
12887 12902 
12887 60 
1995 9159 
12903 12823 
9764 12904 
4593 10829 
3485 4856 
8431 1759 
850 3230 
4062 11635 
837 8294 
8909 4076 
4011 12739 
8141 11573 
111 8294 
3781 10128 
724 4076 
43 8738 
5471 12791 
12899 12437 
4593 12904 
10529 10529 
4076 4076 
1951 4076 
8140 3558 
3320 12765 
6952 12620 
