110 726 
814 450 
2 1036 
609 656 
4 903 
811 110 
995 76 
27 44 
43 76 
575 236 
189 236 
726 1038 
656 110 
708 346 
575 346 
124 110 
70 1038 
368 1114 
69 31 
711 1024 
1053 128 
43 1115 
1114 1114 
1116 878 
15 1 
500 609 
517 517 
75 726 
609 289 
368 1114 
15 1117 
101 1 
1118 128 
431 726 
1036 1117 
80 110 
575 726 
80 726 
901 1030 
245 4 
1013 1030 
726 1119 
245 391 
1120 236 
1120 1030 
101 110 
1107 175 
287 1119 
412 1118 
728 1038 
834 1030 
121 110 
368 1121 
757 1121 
121 1038 
15 726 
613 1030 
337 943 
20 1121 
412 1121 
57 569 
564 919 
1099 569 
502 1038 
1122 1052 
110 569 
1114 1114 
43 1099 
1123 1114 
1054 450 
123 1124 
43 1099 
453 648 
77 569 
1125 1006 
505 569 
412 1124 
770 1121 
15 1126 
