278 2049 
77 1323 
5927 1323 
27 1323 
656 278 
5298 6150 
153 4687 
4446 3881 
1951 2227 
4011 5418 
3986 6151 
5582 5418 
821 94 
5375 6152 
3627 3095 
84 3095 
3986 2227 
3881 2704 
6144 94 
2934 2934 
368 6152 
3239 6153 
4631 77 
3540 2227 
1562 6154 
123 77 
2811 77 
194 77 
4975 4158 
945 6155 
3540 2049 
4011 4158 
2963 2246 
6156 3881 
6134 782 
5719 782 
1 65 
6134 2727 
6157 6158 
4902 5418 
1768 1 
383 1170 
3095 2252 
4407 2252 
343 2343 
2704 537 
2397 3881 
1890 4873 
2397 3881 
6159 6160 
3320 6152 
1108 3881 
1108 5533 
2633 2599 
2122 537 
134 4593 
5180 6161 
1055 5728 
43 2049 
3320 1291 
