1343 2912 
2032 1360 
1350 2576 
8 1154 
2021 2913 
2914 609 
2098 2913 
2725 2915 
599 1360 
8 2725 
2914 2912 
257 2725 
2411 2915 
299 2915 
248 347 
2905 2270 
194 2727 
2021 2087 
609 2087 
2914 609 
819 2915 
945 2087 
504 2916 
935 2916 
2917 2915 
138 2580 
517 2647 
2766 2915 
2840 2918 
2548 2915 
679 2725 
2919 2789 
1134 1154 
1350 2918 
2633 2725 
1030 1835 
856 2374 
1784 2725 
2411 2920 
86 2921 
8 2915 
1638 2922 
2021 1638 
679 2541 
2763 2541 
2214 1154 
2548 1541 
2548 2922 
278 2920 
2868 2923 
770 2923 
2763 2210 
2853 2473 
2450 687 
850 687 
383 687 
656 687 
1611 2915 
2924 687 
1143 2580 
2895 656 
2843 2925 
2905 2925 
1351 2926 
2597 2926 
