43 11564 
12032 9846 
43 11564 
508 834 
6707 608 
12414 3928 
8660 11564 
7708 12413 
8819 2397 
1851 5731 
57 9846 
12277 9846 
312 2397 
11202 11805 
5459 6241 
4848 1323 
5130 11805 
2717 12361 
12415 60 
12416 7898 
1611 4458 
3686 12409 
6358 9846 
194 9846 
995 12404 
7141 9846 
10855 12404 
11623 11666 
4104 9846 
1050 2811 
3942 9846 
1494 1494 
5421 2331 
4972 8449 
10736 11016 
3928 12417 
2397 12413 
4593 12418 
4348 2638 
1371 12418 
10558 11016 
11886 4838 
10842 2704 
11731 12419 
2892 15 
7686 4458 
5640 2164 
8655 8655 
6987 60 
10537 2164 
10537 4764 
12316 1050 
12420 9846 
613 11725 
6126 12421 
7878 2164 
