9069 4446 
1247 1247 
9069 347 
4010 8524 
8550 9060 
7956 9064 
2856 405 
9070 7780 
4859 5116 
1489 5522 
1343 5522 
2309 7683 
2763 405 
6334 5522 
6645 8355 
2022 4593 
8948 8355 
429 405 
61 8355 
9070 405 
3394 4048 
2090 4403 
2163 405 
9070 2383 
3977 653 
4297 1247 
1890 653 
5253 3044 
2717 8987 
2717 9071 
7597 7597 
850 3230 
4297 1247 
2963 8449 
834 3977 
4902 3945 
4072 3945 
4577 405 
61 2383 
2022 3945 
4269 1247 
901 405 
892 1247 
609 446 
129 8449 
892 4114 
3928 281 
4297 506 
2202 4049 
5723 5723 
2763 9072 
1355 1355 
357 4856 
3789 9036 
4756 8922 
1985 6688 
5941 6957 
1696 9073 
1468 8524 
8458 9036 
9074 9075 
8524 8524 
2053 5481 
6964 5481 
