3895 6718 
3003 6241 
34 77 
1995 2370 
2599 6241 
8 158 
3984 1170 
4271 3553 
138 4414 
4271 6404 
517 442 
3117 2554 
7001 2278 
6987 3627 
2619 7002 
4271 5127 
6334 6987 
6987 1761 
4271 1749 
2640 572 
5279 5127 
2983 2983 
575 5127 
4297 7003 
5279 6241 
726 6241 
43 1 
6193 3034 
2806 293 
293 293 
3593 2234 
1050 1959 
2083 4441 
4072 1959 
2114 31 
1995 4259 
2958 2554 
5298 293 
2548 4259 
2548 6425 
6380 293 
4593 7004 
1138 7005 
1768 2114 
2411 293 
6359 2172 
2255 7004 
4407 895 
724 375 
44 77 
4011 5707 
5724 7006 
138 1247 
3742 1247 
7007 2278 
1835 7006 
3686 5612 
4497 5707 
2892 5958 
3881 293 
5006 31 
7008 6255 
4982 726 
5518 6255 
6854 1940 
7009 293 
8 1351 
1910 7010 
708 6297 
