182 402 
405 406 
98 398 
224 121 
77 406 
29 407 
408 289 
387 166 
43 273 
408 128 
294 396 
4 409 
408 67 
377 128 
43 4 
410 304 
26 127 
80 408 
27 77 
372 60 
389 26 
321 408 
304 408 
224 403 
304 408 
410 3 
185 408 
285 127 
410 408 
26 110 
57 408 
93 411 
412 413 
26 1 
380 408 
204 1 
304 408 
188 3 
77 408 
346 176 
26 408 
77 408 
26 346 
26 402 
94 26 
204 26 
115 409 
414 127 
62 408 
346 26 
415 43 
300 402 
120 26 
416 128 
159 26 
44 408 
129 403 
188 31 
132 26 
94 26 
265 128 
129 26 
129 1 
26 65 
140 26 
140 409 
244 393 
273 409 
365 65 
273 304 
69 409 
387 417 
248 409 
418 417 
388 26 
102 273 
44 1 
110 402 
151 408 
196 408 
400 27 
134 346 
295 393 
131 346 
43 346 
1 419 
402 408 
392 419 
44 167 
420 354 
106 408 
248 204 
420 128 
171 346 
420 26 
421 128 
422 347 
423 208 
110 347 
424 419 
322 419 
366 248 
425 419 
26 425 
299 101 
154 300 
426 248 
419 408 
80 213 
427 419 
123 154 
204 425 
134 154 
71 419 
248 332 
120 419 
121 110 
69 248 
268 268 
204 428 
81 332 
37 26 
429 332 
430 273 
44 428 
204 37 
37 84 
26 37 
120 204 
273 37 
37 89 
27 37 
389 428 
121 425 
44 204 
26 431 
120 431 
