27 91 
2411 2535 
3453 2407 
57 2535 
4297 1619 
2029 3333 
110 679 
1309 4604 
1352 4605 
458 3333 
2429 2407 
4602 1960 
2632 3990 
1995 2407 
497 2407 
2785 3333 
256 3333 
1055 2407 
2711 3990 
2714 475 
1727 2077 
3095 332 
4032 3086 
4122 3741 
2643 2407 
3823 475 
1522 1960 
3789 3196 
1236 2407 
2098 4582 
4059 158 
81 4458 
27 2114 
4005 1960 
2717 1759 
3540 1134 
3689 1744 
947 2576 
2061 4606 
15 4223 
34 4220 
4391 4223 
759 4606 
687 4606 
4607 2856 
3320 1939 
3425 4606 
1248 3086 
4005 4014 
2481 3990 
2061 4110 
997 4467 
157 3613 
157 2374 
4608 1643 
1522 4557 
