11469 9479 
15346 15346 
11038 9894 
153 15347 
1108 14452 
2704 13572 
2088 13199 
2248 13199 
13335 15152 
109 47 
14618 6370 
572 855 
6174 15115 
4902 13572 
459 6370 
2066 4481 
14308 15336 
4631 15348 
2638 15348 
6669 855 
77 2416 
15349 855 
15330 2416 
9764 2416 
2416 2416 
850 6672 
202 14257 
2534 5024 
7078 15350 
13837 13277 
1300 13277 
3928 855 
1985 15328 
4593 15328 
2066 15239 
14282 13277 
10194 13973 
675 968 
10492 9992 
2534 2681 
2534 14384 
465 6179 
4407 6179 
10659 13066 
2066 7898 
10659 13973 
575 13543 
1355 15351 
