2681 1310 
3578 1310 
877 343 
34 571 
3364 571 
3425 571 
2481 571 
34 3911 
3247 571 
679 571 
3540 2714 
850 3667 
821 391 
2061 3667 
31 3911 
2664 3911 
575 3554 
1418 571 
3696 571 
850 3912 
3778 2638 
3086 571 
3689 2714 
3778 3752 
3778 3081 
679 3912 
453 57 
1157 644 
77 2087 
1 3913 
3542 3578 
3908 2202 
2283 3052 
2608 3914 
3425 3914 
2714 3914 
1050 3915 
2608 2780 
1951 1749 
1805 3916 
3821 57 
1951 2633 
2248 3915 
3425 3916 
1050 3916 
2343 898 
3917 3916 
995 3902 
1738 3863 
2633 3523 
537 3918 
656 656 
2760 3919 
1611 3915 
1890 2087 
2714 3875 
98 3920 
3840 3919 
3523 2948 
3425 20 
368 2948 
3554 2576 
656 656 
2216 3919 
2640 3902 
1890 1236 
3364 3658 
1259 2087 
656 945 
3364 3918 
3921 2087 
