77 6306 
3271 8105 
1939 3201 
4297 2281 
4342 97 
98 97 
3095 6034 
2481 6178 
726 8107 
5499 57 
8077 8066 
567 78 
388 97 
1343 78 
8108 599 
5283 8109 
4259 3201 
995 599 
850 1062 
7693 8110 
6987 1890 
453 78 
182 7693 
638 4381 
77 1761 
1963 78 
2704 6421 
1050 656 
6510 7145 
8067 4381 
453 4633 
1343 4104 
4497 5218 
1839 4821 
1234 599 
7407 8111 
7407 7456 
6474 7234 
7767 7234 
3894 1988 
4297 5838 
4297 8112 
1768 8112 
4072 6750 
156 4800 
3639 759 
3881 8113 
4715 7234 
5087 5418 
5360 5006 
86 1988 
81 5418 
2122 7161 
1642 4633 
2704 8114 
1108 8114 
77 4962 
4011 4962 
15 8115 
894 409 
6551 4924 
15 4961 
6316 5418 
171 27 
98 1762 
8116 8104 
708 140 
