6126 7780 
4206 43 
7186 5278 
2704 6623 
4902 8415 
7186 8416 
4902 1190 
835 8417 
835 4128 
653 3977 
1004 6623 
2255 4593 
2278 6623 
2704 2704 
3152 3152 
4902 7824 
1890 5582 
4902 6203 
8418 2704 
8200 6203 
4902 6034 
8419 1190 
1509 1939 
8098 6034 
7804 6203 
1379 6034 
3826 6034 
2704 4221 
4729 4064 
8356 4128 
2704 7824 
2717 8413 
3226 77 
1234 2963 
405 6034 
4221 5477 
7407 8420 
3018 4221 
2785 580 
8376 43 
7733 7869 
835 6034 
382 8421 
4902 8422 
8423 3577 
2704 2671 
3095 3627 
5518 8421 
3872 7320 
1350 6034 
8328 8420 
