19324 20237 
6316 20184 
4620 19482 
12317 20184 
4122 2599 
5412 158 
724 17949 
19044 20238 
18155 20239 
18155 20240 
546 13973 
10668 20123 
13973 13973 
20241 7008 
3159 20242 
20243 656 
4072 14339 
20243 656 
7804 19145 
20234 14944 
111 12306 
20243 656 
7804 6510 
19900 3807 
1893 20234 
4692 20244 
925 16886 
5440 656 
20156 16551 
4902 12385 
5518 12385 
791 12744 
14834 14834 
19838 15895 
17975 20245 
4952 2675 
7708 3807 
1290 20060 
3083 15237 
20246 835 
4952 20247 
19838 15895 
7686 20248 
9334 7439 
