6073 7559 
3364 4625 
5180 7559 
1050 4964 
4902 7645 
616 4723 
5418 7645 
7646 1099 
3095 2890 
7201 7559 
450 4723 
1513 1452 
3295 1099 
2481 4500 
2397 7320 
194 5481 
7647 312 
656 1611 
575 6669 
458 31 
2811 5130 
2481 5130 
1611 2136 
4810 5399 
2704 278 
759 31 
1050 5127 
2983 7559 
1350 2136 
834 5127 
4312 7432 
759 458 
4104 539 
134 7320 
2640 7559 
3643 7559 
6672 7559 
171 824 
1050 7578 
458 569 
4059 6884 
1371 7648 
7649 4625 
3847 2374 
3847 759 
2890 7645 
1099 7559 
5459 458 
4902 5861 
1099 7559 
3320 7650 
5489 3095 
4407 7558 
4114 7558 
3320 6754 
656 4902 
6915 153 
5518 7651 
4258 6034 
1108 6034 
7652 458 
