2480 2479 
517 1350 
138 2426 
1899 2426 
2450 278 
2411 537 
2510 2705 
196 196 
2021 2718 
2450 2707 
2681 721 
44 1351 
1696 2676 
224 1351 
1522 2712 
1154 968 
1851 968 
1738 2570 
1805 2719 
1738 184 
1 768 
174 2369 
44 2157 
517 1350 
154 34 
182 2720 
2715 248 
1805 278 
2421 248 
2599 2716 
1401 1941 
2017 726 
1134 248 
278 248 
526 248 
504 1941 
2305 2621 
2557 248 
2113 2136 
679 2136 
2704 877 
689 608 
162 2599 
1805 1134 
2711 2136 
1350 2712 
134 2721 
995 2721 
1350 539 
1350 989 
8 248 
1209 1741 
188 2599 
44 2671 
2021 284 
1951 2704 
182 2704 
2327 834 
2021 248 
539 1350 
2305 989 
1108 284 
2629 1744 
2021 1123 
368 1123 
2722 234 
656 679 
295 284 
278 284 
2612 2671 
2714 2676 
2671 679 
532 2723 
96 1453 
905 2673 
1121 679 
768 2676 
