20243 1611 
2187 17905 
10659 16289 
12974 1170 
1256 9119 
138 1247 
19515 8201 
12054 20694 
5291 18614 
104 7688 
7309 14399 
2214 153 
2856 1611 
5972 20695 
16773 15201 
1350 1611 
453 19853 
164 7095 
453 8904 
2275 20696 
503 20696 
3 7688 
5719 1291 
182 20226 
2561 726 
5972 16405 
16773 20226 
14976 20208 
2729 18907 
20697 3117 
3320 1828 
724 20698 
4952 20689 
13934 20699 
2827 20700 
5180 20701 
5493 20702 
2534 821 
14399 20000 
19326 14446 
4407 8738 
614 7095 
43 821 
3320 14446 
