1141 3182 
1851 5127 
7078 5127 
9182 2459 
3117 3684 
4769 1434 
2704 10080 
4769 10081 
4769 8174 
10082 10083 
42 10023 
844 10069 
9574 10084 
9238 118 
10085 8051 
3331 726 
9992 9943 
4246 9943 
453 295 
526 4261 
4902 4261 
7878 2447 
2351 1029 
667 8445 
1234 10086 
8376 10082 
9479 10087 
6034 10088 
10089 1818 
3881 10081 
1985 2551 
10090 1084 
4381 10057 
98 74 
9182 10057 
9479 6771 
2704 10091 
3881 6771 
3320 47 
850 8376 
5612 6744 
4643 10092 
6241 2943 
2711 3230 
4631 2943 
3881 10093 
7726 2943 
1050 1641 
9479 1641 
8561 10094 
2673 2943 
1769 9358 
