613 3271 
2976 3303 
2544 2704 
1005 3521 
1248 3498 
1773 3522 
1005 2405 
3086 94 
1259 400 
3354 1805 
1773 3483 
426 3523 
1288 1541 
3364 571 
43 571 
1768 2218 
2021 2218 
1727 2425 
1867 94 
571 571 
346 616 
1867 1522 
925 94 
2963 1323 
726 400 
2214 1288 
1696 2329 
726 75 
15 3097 
571 2218 
3524 298 
2963 288 
173 2202 
3516 2264 
1611 1288 
995 1288 
2494 1893 
1760 84 
756 2264 
3248 77 
3516 1142 
2982 77 
2963 94 
997 609 
3516 3516 
1768 1963 
3519 2704 
2323 408 
3457 3144 
726 1963 
2021 3525 
2053 3525 
616 3525 
3248 687 
3526 2214 
1768 3527 
238 3248 
365 2073 
1632 2214 
3528 609 
452 2073 
1247 3529 
238 3529 
1928 77 
1288 2727 
3181 571 
571 571 
571 571 
526 2966 
2986 2986 
1005 687 
3086 3347 
3247 84 
3487 3430 
3530 571 
726 233 
44 1803 
429 298 
3364 1288 
1259 1288 
616 3531 
3453 2643 
3532 2275 
1851 1288 
