5985 77 
104 1325 
372 2887 
71 1325 
1050 77 
5987 599 
1962 77 
43 5988 
5772 656 
1215 312 
1951 5989 
5990 1407 
2929 2083 
2365 101 
2022 3977 
1633 5989 
194 5989 
95 5989 
3247 5989 
4028 5916 
1379 5624 
4348 4128 
193 204 
4011 5991 
3126 2102 
89 914 
4269 5989 
995 4613 
5972 5989 
1379 382 
2383 440 
4297 5985 
4261 4281 
1050 5944 
2763 5989 
3034 5989 
5481 5728 
1753 539 
1550 5992 
15 5993 
5504 5994 
1138 4902 
3394 5992 
4011 5995 
2429 5996 
2704 382 
2351 5996 
1995 1828 
4902 4281 
5285 5960 
2868 5960 
5452 5960 
284 5997 
5998 1415 
43 835 
