6331 6196 
452 6152 
502 656 
2935 656 
5481 2979 
2351 6414 
5890 6415 
6416 6415 
589 3536 
6417 1963 
6122 877 
2664 3536 
6418 6419 
6420 877 
1138 6053 
2481 1170 
346 27 
1138 6405 
5719 1170 
81 4845 
5289 4845 
2351 27 
850 1170 
2122 6421 
3540 220 
4297 27 
1050 220 
6073 1062 
3425 877 
3095 84 
2252 5890 
1521 3536 
3529 877 
5968 2374 
5298 6422 
5375 84 
6334 6422 
2714 6422 
6423 1361 
4593 2494 
2963 6419 
3425 2266 
372 202 
1888 5890 
4072 638 
5896 2266 
4011 6246 
4756 2266 
