546 1857 
1714 2818 
575 2843 
1350 2875 
689 2708 
2090 2881 
2397 1247 
1522 570 
43 2708 
2882 2878 
2785 421 
1509 968 
2393 2883 
2884 569 
2853 278 
2763 2305 
2713 1350 
2763 2473 
903 118 
204 2305 
2817 278 
575 613 
43 2305 
468 278 
44 2543 
248 2305 
2885 1400 
2761 1959 
129 2886 
2548 2543 
759 2029 
2811 2883 
575 2370 
1489 304 
1030 2370 
295 2566 
2671 304 
726 2727 
188 2886 
445 2583 
850 2887 
2548 304 
2888 2370 
537 304 
86 2727 
1985 403 
679 304 
2714 2887 
1025 304 
2267 2370 
452 2681 
800 2725 
2889 1355 
2766 304 
2682 2763 
459 2890 
2891 304 
2214 2466 
728 304 
837 1355 
2094 2466 
995 403 
1350 278 
995 1355 
2885 1246 
546 2892 
2763 76 
43 76 
616 2787 
