8904 10377 
1890 6599 
4104 12647 
10810 2407 
10537 12647 
1951 2216 
7885 12648 
442 12647 
12649 4135 
12650 7957 
616 12651 
616 12652 
7885 12653 
575 3108 
7898 3710 
12654 12654 
11028 11028 
6646 5356 
12655 12655 
10537 11573 
1228 1228 
12630 12656 
3480 12657 
10521 12658 
2370 2370 
2963 224 
877 158 
74 2029 
3953 12620 
6987 12652 
837 2114 
9470 12634 
2397 34 
724 11967 
34 8927 
5950 11447 
613 10937 
6174 312 
1355 5279 
7885 1070 
3765 599 
5518 12659 
8660 5279 
5126 12660 
8660 12661 
2215 5279 
138 5279 
1256 2397 
1851 12662 
2219 656 
