2974 664 
453 6056 
4477 704 
821 5418 
6037 1991 
2856 5418 
6074 5418 
153 5418 
1400 4902 
4735 4735 
346 4477 
1350 5418 
5884 6075 
504 5418 
43 6076 
2619 6045 
1050 4902 
6077 6075 
4297 580 
2580 5127 
1509 580 
580 580 
4643 5127 
3247 5315 
5254 6078 
526 6075 
1611 718 
2760 6079 
138 1139 
2963 1790 
1714 901 
6064 4460 
503 6078 
4962 3953 
5180 3953 
2077 1790 
5499 759 
1259 5293 
405 3953 
6080 4104 
5612 6081 
5180 4795 
2252 6081 
734 5989 
6058 5989 
47 5989 
1099 1099 
2158 6072 
2763 6082 
3247 6082 
2704 6083 
5950 6083 
6084 2704 
2267 6081 
43 1578 
6056 6075 
1971 3825 
5499 6085 
3425 759 
4769 6086 
3894 6057 
5180 6086 
3333 6086 
4902 3928 
3643 3825 
4902 5271 
6069 6085 
6087 5411 
2640 3825 
4043 278 
5499 6085 
112 3953 
153 278 
1350 759 
4011 459 
43 3953 
