3577 3577 
995 13112 
11038 1652 
4972 901 
153 8127 
77 11166 
2548 8810 
567 13111 
6751 13102 
12316 9602 
12012 13066 
5086 13094 
13113 2075 
8646 9860 
526 11472 
6358 13069 
6925 13114 
1197 13030 
1352 4645 
3540 11472 
9470 13108 
7407 4645 
12887 13048 
11472 13073 
10842 13069 
1352 13073 
835 13115 
3558 9604 
465 13116 
465 13117 
2758 281 
1890 13117 
8036 12934 
2481 13101 
12130 12201 
12985 12934 
850 13101 
9287 12934 
3684 8927 
1851 5883 
4631 13118 
71 3558 
12054 13117 
4104 2892 
256 9479 
2758 13063 
1656 1355 
8909 13119 
5126 13120 
7576 13121 
1532 13122 
12741 13121 
894 13123 
