2481 1551 
3426 1551 
2215 3591 
3261 3590 
1522 2983 
2760 1460 
134 3576 
2713 3364 
2714 2535 
2474 2681 
3554 1665 
3369 2935 
3592 3582 
3090 3506 
1005 569 
1851 3576 
834 3576 
835 1494 
1784 3576 
679 3582 
2897 1029 
2281 1029 
726 3540 
2905 97 
3593 3576 
616 2576 
1792 2266 
194 3576 
3399 3399 
616 2154 
997 3576 
1259 960 
1986 1135 
3519 3540 
575 3576 
3248 1135 
459 3594 
2682 2682 
2957 1691 
2982 3406 
3292 3540 
2215 960 
1224 808 
2214 679 
3313 198 
1947 2154 
2215 2562 
158 3595 
1247 960 
2459 3576 
153 679 
2714 960 
3022 630 
2704 2704 
1257 3596 
1611 3596 
1611 198 
856 960 
537 3596 
3304 3369 
3597 1035 
539 3598 
1365 309 
3248 198 
3599 198 
1288 3600 
3292 3097 
183 3430 
1288 468 
1257 468 
3181 1170 
2411 468 
3601 2049 
194 3587 
1142 468 
3320 468 
298 468 
1259 468 
1738 3602 
1371 468 
2868 3602 
537 468 
2995 3602 
