4333 1407 
27 653 
2351 6292 
6279 537 
1890 653 
459 6293 
1961 6294 
656 4568 
968 4203 
346 4405 
2535 134 
1108 6056 
2714 2382 
6295 6295 
724 6296 
29 278 
6297 406 
1851 2429 
5402 2136 
2246 2599 
5402 4203 
193 2429 
877 6279 
5402 1542 
1805 6298 
3643 4568 
134 6299 
459 6285 
837 368 
1050 1611 
3095 1611 
2481 6178 
4902 6300 
3649 1611 
134 6300 
6301 1611 
194 1951 
3986 6300 
5402 94 
8 2856 
43 6300 
77 901 
156 901 
1611 901 
5298 935 
138 1767 
368 6300 
5254 901 
5972 6302 
1259 6303 
4643 78 
2763 6304 
6305 6303 
1522 6304 
3928 5886 
2319 901 
2090 6284 
6306 278 
6073 3697 
519 1589 
4011 901 
1248 901 
2763 6306 
1291 6306 
2246 1598 
43 6307 
613 1598 
5086 901 
1247 6306 
2637 6284 
1611 5186 
114 6306 
5180 901 
1760 6143 
4460 6158 
3253 3697 
3553 5886 
1499 901 
5298 6308 
312 724 
439 5481 
819 6309 
6310 1963 
237 5886 
2892 901 
