5941 8971 
62 7337 
2758 405 
3575 7337 
9084 405 
4072 835 
575 9079 
2569 8568 
8660 7337 
6751 8524 
2090 7103 
4497 9070 
8505 4845 
921 835 
2619 9070 
2758 9060 
4732 7337 
5380 9070 
8936 9070 
5541 9070 
562 9079 
9048 5748 
3104 877 
6987 9070 
158 9070 
4631 4845 
9085 2551 
1851 9070 
158 9070 
199 9070 
138 9070 
644 9070 
2535 9086 
7804 9070 
43 9084 
4902 9087 
1452 3540 
4297 97 
265 1247 
2216 7020 
2022 726 
916 7337 
8067 9086 
709 4951 
7804 8892 
9088 1190 
9089 9083 
1809 76 
4497 9090 
194 9070 
3394 1247 
8 4951 
8316 3540 
