3293 10829 
7149 2468 
10659 11598 
10842 8530 
1951 7898 
4896 2806 
11599 220 
10659 220 
11562 11600 
834 11601 
4732 11601 
4011 220 
2252 11511 
4902 11511 
8454 11511 
7804 5618 
11593 3431 
11602 11548 
1509 1247 
7804 10782 
1509 10782 
2704 11603 
11593 9959 
11390 11604 
834 4190 
5305 2704 
2481 759 
11605 7898 
10646 11488 
10085 7407 
2351 11594 
9819 4361 
5972 10828 
11462 2576 
11606 11582 
7485 11475 
850 9639 
11607 11548 
9819 3040 
4791 2682 
6126 11564 
10659 6645 
9819 11608 
4791 2199 
10829 7328 
