2639 8660 
4497 8809 
2481 5241 
1138 4852 
265 5044 
372 1640 
5298 8461 
6987 77 
2122 8738 
1696 4163 
7804 8738 
1377 2704 
7873 8810 
7693 2704 
4274 1323 
4010 2704 
2029 3553 
7898 8660 
4274 5478 
122 1640 
5380 8811 
2535 877 
2214 8808 
4297 6443 
1036 1099 
182 2049 
182 1343 
8812 5241 
724 3627 
153 8461 
7804 3627 
6751 2704 
877 8813 
724 2704 
4972 8809 
8814 1799 
6510 877 
8561 1799 
4611 2704 
8815 8780 
5793 1381 
4633 1652 
7407 877 
760 6177 
2763 6177 
5298 8816 
8666 8817 
1963 8818 
199 8811 
