76 168 
352 514 
44 514 
158 110 
515 304 
158 238 
516 98 
37 48 
150 83 
517 304 
492 514 
287 83 
98 140 
14 514 
153 512 
388 109 
20 98 
122 83 
518 289 
519 26 
420 520 
81 110 
299 126 
146 418 
57 110 
4 2 
521 498 
77 110 
454 273 
29 96 
26 2 
26 96 
494 495 
47 110 
1 519 
96 20 
513 110 
365 304 
26 304 
99 1 
420 20 
26 126 
27 507 
463 304 
437 20 
26 507 
44 304 
294 304 
211 305 
158 104 
31 304 
238 431 
135 304 
74 121 
507 121 
81 304 
158 238 
129 522 
121 522 
500 523 
524 304 
109 522 
332 110 
221 110 
109 121 
221 184 
268 332 
221 184 
150 83 
44 1 
77 304 
109 135 
525 3 
14 1 
121 332 
526 26 
44 1 
186 26 
270 508 
527 528 
1 4 
238 135 
37 273 
238 273 
158 529 
74 135 
199 135 
530 531 
188 26 
44 77 
110 77 
184 3 
80 304 
170 126 
34 77 
121 27 
65 273 
420 418 
184 3 
34 135 
459 220 
459 505 
20 27 
488 505 
368 433 
532 5 
209 110 
109 519 
533 110 
173 154 
43 77 
431 408 
43 408 
154 57 
278 83 
499 57 
281 27 
77 534 
102 48 
89 48 
535 534 
9 408 
529 532 
513 48 
81 77 
235 34 
31 110 
197 304 
146 418 
153 20 
368 99 
2 2 
418 2 
420 402 
294 2 
77 2 
89 104 
294 420 
43 420 
95 77 
154 77 
284 104 
84 69 
