2234 34 
3022 4291 
4010 1323 
1458 2725 
1805 1323 
1141 1247 
3384 3087 
2599 1831 
1236 1963 
4294 1963 
1030 1963 
2055 884 
4271 1831 
1805 4295 
257 110 
1805 110 
4281 3387 
903 2681 
1310 184 
2187 4296 
4297 459 
877 2725 
4297 1029 
182 3607 
3739 184 
4297 1939 
2061 4298 
615 184 
4297 2010 
4299 3802 
124 184 
4297 4082 
1611 3607 
1036 4291 
4299 110 
4299 3492 
4251 679 
4201 679 
3425 1691 
3881 4300 
916 903 
2061 3842 
1749 4225 
3247 2682 
4163 2682 
1890 3611 
2758 2903 
4163 4301 
1836 2374 
2924 2682 
1522 903 
3842 2374 
