194 4568 
3781 2704 
1201 4565 
877 408 
14 569 
4032 4753 
555 2704 
4719 2535 
2029 2785 
1696 2764 
1361 2621 
4643 1867 
3643 2811 
1251 2811 
2618 1251 
1236 34 
4754 4753 
3253 2811 
1818 1960 
89 4755 
4756 901 
3881 2811 
698 1867 
89 2811 
3425 4757 
2785 1247 
850 4758 
4643 1251 
4397 1867 
2764 1251 
2029 1251 
1851 968 
2785 569 
1589 1251 
2714 4759 
1247 2811 
224 569 
60 2704 
2714 2811 
4756 616 
850 2811 
759 1867 
872 968 
1005 2811 
4263 3264 
850 2811 
2811 2811 
4167 2704 
4760 2497 
877 2811 
47 2811 
4182 2407 
4754 4757 
4754 2637 
2963 4761 
4762 2370 
4763 4740 
1259 1 
4281 43 
459 4220 
3881 2454 
2397 1790 
4764 945 
3394 2811 
47 4220 
925 1 
2388 2497 
2785 513 
2113 446 
1009 4740 
4593 571 
968 1 
2411 679 
453 4593 
1361 4744 
138 1248 
3814 4740 
3842 4765 
