15198 14145 
5305 15336 
15337 6224 
1805 8909 
6672 6672 
6599 15334 
15338 14438 
96 1582 
572 6370 
3781 15339 
656 656 
14264 11 
6510 13543 
5896 15335 
10659 15305 
15330 9238 
6193 798 
44 2599 
15340 4902 
1400 15333 
14308 8738 
15318 9238 
1851 77 
1805 15341 
2216 4902 
6540 15342 
15334 8841 
6721 4873 
14487 5278 
15334 84 
14442 14442 
2534 57 
14341 57 
13066 15342 
4261 15343 
111 2287 
15334 1099 
13388 12496 
8660 15343 
7407 15344 
3954 4568 
14553 15345 
10659 7586 
15318 15343 
1939 15198 
8078 43 
10492 9992 
