12518 7957 
6126 10216 
9238 12519 
43 12520 
6175 10283 
9764 4841 
12521 8788 
11886 5731 
1271 6354 
616 4708 
4497 12457 
2092 9959 
3230 12521 
5731 5731 
1352 3852 
2275 3852 
8922 4708 
575 901 
905 7957 
12316 2811 
10855 3852 
850 3607 
2481 3607 
77 7804 
2215 7804 
11942 7804 
1995 10782 
2963 2576 
10546 1099 
10659 11914 
3881 1119 
1005 12452 
3684 11647 
2758 10782 
10413 12385 
10537 12522 
12478 12479 
1851 10782 
4050 5481 
11886 12159 
5254 10782 
11390 12523 
8819 12159 
4972 11007 
12524 3276 
