4199 3881 
1738 3881 
819 837 
555 1442 
567 1291 
1343 1031 
459 428 
4397 3881 
1247 569 
4398 530 
4291 1580 
4397 3881 
1768 834 
1031 4385 
153 3881 
2215 569 
459 2330 
1247 4399 
3540 4400 
2704 4401 
616 1749 
1343 3955 
1108 2535 
131 1728 
2411 4401 
616 4312 
194 3881 
194 3881 
3095 1589 
1790 4312 
4402 4382 
5 2535 
2963 34 
2061 2576 
2214 2319 
2214 872 
2763 4403 
3516 4377 
115 34 
2599 4312 
3881 4377 
2214 537 
3320 2621 
3823 3051 
1768 2621 
4404 1959 
3333 3881 
1611 3051 
2214 1890 
2588 3627 
2633 3734 
995 4403 
131 4405 
4271 2580 
4163 4406 
877 2711 
4405 4405 
