724 11038 
10659 12753 
10659 12754 
2429 10697 
2827 10782 
9218 4079 
12157 6168 
3540 4970 
6751 12754 
12411 507 
12570 3425 
1611 6085 
3230 1805 
346 12755 
609 118 
2704 12755 
12756 11331 
1352 12755 
138 1761 
6358 12753 
8650 12054 
5093 118 
4972 2965 
11839 11839 
27 3558 
6241 89 
3781 12742 
692 12757 
4297 4048 
48 8922 
12727 5218 
2219 12651 
10853 9286 
300 3302 
800 3076 
572 12758 
6126 12759 
1676 11724 
7034 12742 
8922 7898 
1676 10644 
12760 347 
12761 12761 
1256 7431 
9819 12762 
1350 2763 
7078 6721 
815 12757 
1099 1867 
5896 12605 
3881 12763 
6174 6721 
5093 12636 
4072 12763 
3881 5493 
