1704 1872 
1704 808 
1753 1527 
408 1805 
34 1872 
850 1439 
121 1439 
408 1761 
1777 1761 
1704 248 
785 298 
1522 1876 
1704 110 
368 1872 
372 60 
368 1872 
1704 44 
273 1619 
4 1619 
1704 1619 
870 1901 
1805 1902 
1704 1805 
539 1901 
47 1026 
1903 1208 
1727 65 
194 1026 
1099 1026 
182 1902 
1904 1827 
1341 1195 
1197 1905 
1727 65 
120 34 
1052 91 
368 91 
1906 128 
1135 1902 
217 217 
43 667 
1817 1905 
188 1619 
287 1907 
837 1618 
879 128 
1209 429 
641 1907 
78 1619 
1727 409 
1352 1907 
1827 1907 
1721 1173 
1721 91 
1381 1907 
687 1908 
123 408 
1727 156 
687 1551 
1749 1770 
1866 429 
1670 1770 
382 1908 
20 162 
1542 1618 
368 1173 
1352 278 
368 1173 
48 162 
48 78 
48 43 
616 1770 
47 726 
372 1907 
372 60 
945 298 
1195 1195 
1710 442 
