11886 12506 
43 12506 
12507 12406 
9764 2136 
6932 2136 
4497 2594 
5471 4582 
8660 3734 
3159 3734 
372 3734 
4593 220 
138 1228 
530 4582 
11899 2594 
7804 3734 
562 312 
10289 114 
6683 12508 
6987 12509 
6855 12510 
1108 12510 
508 8460 
12511 77 
4719 9479 
6126 12508 
2275 9674 
4631 12512 
3607 12512 
850 9298 
759 12513 
6672 9298 
3230 12512 
12194 15 
11202 1272 
12194 2576 
7804 10782 
84 10782 
575 12432 
158 7055 
10853 3540 
11886 11673 
3086 11673 
6623 6623 
1995 11673 
11886 12514 
572 12515 
8276 10627 
12032 60 
8392 12516 
11309 12441 
2704 12514 
1890 10627 
1509 2088 
2638 10283 
7804 9855 
9510 7957 
1190 9479 
572 12517 
2704 382 
