5724 2946 
539 2554 
2704 5267 
999 5267 
2664 1355 
526 7633 
238 5719 
562 734 
4769 7636 
7637 134 
1248 1248 
7617 3536 
315 7542 
1300 2811 
7617 4835 
74 44 
616 7542 
1890 1350 
43 4902 
4643 7055 
4643 3928 
4397 2073 
47 2439 
3415 2439 
7617 3651 
3842 2811 
2275 5427 
1050 2275 
156 2073 
7617 89 
7407 134 
7638 7051 
575 2946 
2486 2486 
2486 2486 
5452 7639 
759 7639 
656 134 
2429 7559 
4497 7559 
1309 7559 
1371 134 
835 7559 
3320 7559 
4714 3651 
2214 7559 
5180 7559 
1099 7559 
2429 7578 
7465 7559 
2512 7559 
2704 7559 
4297 7640 
7641 7548 
6800 7559 
1138 7559 
405 7559 
6241 20 
3928 20 
2351 7640 
7642 1611 
171 101 
98 20 
7642 7559 
6241 7559 
3320 101 
1851 2374 
3781 598 
4769 7643 
5412 1749 
995 1893 
7407 7644 
1355 2370 
3898 7559 
1513 1611 
539 539 
5518 7644 
48 20 
6987 7645 
