1360 77 
1288 1360 
1338 77 
81 244 
1355 77 
822 837 
44 140 
1355 304 
188 31 
436 304 
1369 304 
182 204 
726 346 
609 346 
43 1398 
960 1398 
77 346 
459 1398 
1288 346 
1030 346 
609 346 
204 346 
569 346 
31 346 
726 110 
1062 1390 
81 1399 
1306 346 
245 1355 
616 346 
1322 1399 
1248 304 
616 834 
193 1355 
1400 1355 
84 1224 
1030 346 
1400 77 
567 874 
1173 874 
668 1360 
133 834 
1355 1164 
44 1401 
44 75 
564 75 
892 75 
1379 75 
1355 1170 
1299 77 
1234 539 
1355 571 
1170 1170 
656 656 
1402 1401 
1403 110 
412 1401 
236 278 
539 278 
234 278 
43 278 
546 346 
539 539 
539 539 
1368 783 
539 539 
1368 601 
539 539 
1368 1170 
194 1224 
1326 987 
491 1170 
724 278 
1400 5 
609 278 
1338 1404 
77 1170 
1400 77 
