724 1015 
153 724 
1723 1015 
613 2119 
504 1139 
509 2123 
1541 1015 
1541 1656 
1400 1015 
81 1805 
2124 2120 
2046 1015 
31 1040 
287 1015 
1257 34 
1400 1522 
224 1790 
120 1055 
1141 1370 
1760 1370 
1343 724 
84 77 
1768 1522 
877 466 
84 1224 
199 2102 
1257 2102 
204 1163 
459 2125 
81 2126 
2127 2005 
1851 631 
726 1805 
122 1805 
2128 84 
834 987 
1696 2128 
1236 679 
5 1015 
1378 1805 
1408 76 
1535 1015 
1749 1640 
1378 1640 
1248 1640 
459 2129 
135 2129 
950 679 
679 76 
2130 2096 
1977 2096 
121 84 
690 2123 
2131 679 
133 1015 
724 60 
1468 679 
726 1015 
133 84 
586 20 
245 1040 
2132 1015 
997 1978 
2110 987 
770 84 
837 1015 
1164 1408 
1867 987 
1749 1916 
97 2133 
2094 60 
1951 1965 
850 2134 
2105 2134 
153 569 
1723 2123 
1977 2134 
997 1978 
194 60 
2098 2134 
1951 2125 
47 2133 
287 1749 
298 569 
1489 1189 
2135 1749 
420 569 
47 2136 
2113 406 
298 2136 
1656 2136 
1248 406 
1738 2137 
2138 2051 
186 2134 
1761 2137 
1890 1853 
