1408 4 
76 1658 
726 1015 
1659 1658 
995 1629 
1408 453 
133 1652 
503 1280 
995 1280 
609 1660 
158 1593 
459 1280 
1408 1280 
43 1661 
834 1392 
47 1661 
44 1392 
1662 657 
158 60 
564 60 
1322 657 
1408 1663 
27 569 
26 1392 
47 569 
1581 1032 
1108 60 
43 569 
1598 1392 
504 1032 
1619 1015 
1248 1170 
616 834 
850 1170 
578 530 
995 569 
947 1610 
1617 110 
1259 1518 
1248 1170 
1 569 
43 86 
1617 31 
1142 1658 
27 86 
564 1515 
1259 1280 
1638 110 
1617 1 
837 86 
158 1593 
1664 278 
1617 1608 
459 1 
1598 1665 
158 1665 
1598 1 
1598 346 
1598 332 
158 1666 
1598 268 
519 1608 
284 89 
1611 1 
539 77 
1408 332 
1050 1288 
1138 446 
1047 1567 
687 1593 
1259 193 
951 1593 
1259 1288 
850 1667 
77 1593 
1259 1288 
900 1288 
1668 444 
609 1288 
