2695 1522 
2480 81 
2599 2029 
44 968 
532 2179 
2608 1691 
1768 2599 
473 1643 
850 2228 
2696 1522 
2548 347 
1805 1170 
1293 2691 
1434 528 
138 2697 
1197 2697 
188 872 
2113 2228 
2395 1853 
186 347 
129 968 
1400 1767 
124 84 
1853 1853 
1595 2029 
2226 234 
1307 872 
1134 459 
1236 347 
1236 347 
1611 2693 
459 15 
2548 872 
2480 15 
575 433 
1522 76 
2682 1805 
2698 347 
1259 44 
2480 505 
681 347 
1611 1134 
1259 347 
1896 1539 
2699 1156 
1259 1767 
77 347 
1259 1643 
1259 2386 
459 2386 
1951 312 
656 1134 
1985 128 
925 2700 
539 2701 
442 1134 
2446 2157 
1371 2136 
2702 2702 
1643 2136 
2332 2136 
785 2700 
2667 2701 
2092 128 
20 312 
2187 2702 
47 128 
2215 2703 
2187 1134 
1400 2136 
2187 2304 
2704 1453 
2705 2304 
2637 2701 
1187 2633 
831 1453 
109 1139 
504 2136 
2136 2703 
