2090 1381 
1769 6682 
5717 6680 
6683 6683 
367 6474 
153 410 
1371 1985 
6241 278 
2674 5418 
2717 410 
2535 5331 
1890 2535 
156 2535 
43 2535 
872 27 
4297 1247 
2760 410 
5504 6684 
6683 278 
6685 771 
80 410 
6686 1324 
2640 6443 
34 5418 
84 901 
4072 6678 
6625 6687 
2090 2313 
4381 1618 
537 6678 
3684 3684 
1247 5702 
4139 2682 
6316 6362 
3230 332 
116 332 
4769 284 
6619 1618 
77 284 
3697 1170 
235 169 
1985 6688 
1371 6688 
4643 284 
368 6689 
6126 5418 
6628 332 
3117 3684 
1247 47 
2569 6690 
138 284 
2871 6641 
6691 332 
3239 332 
589 332 
5005 332 
101 5306 
6316 6692 
6693 6552 
1995 5838 
6334 389 
4847 410 
6111 332 
5452 332 
77 1411 
4962 1411 
5116 1411 
4902 2227 
4847 1411 
2963 1247 
71 3883 
98 4367 
6417 169 
3247 284 
3986 1411 
4363 1411 
