153 13054 
11038 10763 
453 13054 
8414 6885 
8660 13054 
11038 13055 
3394 9470 
6721 9343 
1828 13056 
572 13056 
1194 1853 
3440 1853 
945 248 
6599 11967 
1962 13017 
42 60 
4072 13057 
283 3529 
8660 9632 
10659 13050 
4952 2673 
9238 9632 
10659 13054 
8251 12986 
42 9632 
850 13058 
3540 13058 
2704 13055 
202 3222 
3419 13059 
7791 4839 
770 13060 
3440 2327 
11951 4497 
508 1853 
3438 3222 
11038 1853 
11038 12934 
1611 2673 
4793 9041 
4407 13061 
11573 12934 
1371 4497 
2957 2143 
11038 6443 
7034 13057 
800 4856 
8660 12934 
1321 13062 
3320 1355 
837 2327 
4952 1355 
2216 11716 
62 1355 
2216 11562 
2216 12934 
2481 13058 
7791 13063 
5896 759 
6721 12354 
1194 13063 
9438 11716 
545 13064 
6358 4960 
8141 9041 
8660 13064 
1985 9218 
4104 9218 
1767 13063 
