17992 17980 
2297 7003 
1589 1963 
16333 17993 
4719 5282 
12194 14142 
13806 17994 
15481 14142 
5896 14142 
1224 708 
10659 708 
4952 16793 
2566 17828 
27 14903 
10659 4902 
530 17995 
5896 5896 
17996 17995 
162 3577 
5972 16793 
12385 16793 
567 15571 
6672 8120 
4104 12418 
5972 12385 
681 17997 
1611 12385 
6510 12385 
15220 12385 
2255 3577 
5452 15571 
1138 12385 
77 3086 
5491 17913 
375 12385 
7686 17994 
2287 17998 
6721 14344 
821 17999 
1962 17978 
2397 4902 
5493 13792 
5489 4711 
6457 10378 
7407 18000 
17533 17961 
12157 15591 
13277 18001 
18002 354 
12352 1633 
16261 10236 
1194 3620 
2061 4633 
