925 34 
3159 732 
256 3239 
708 2111 
3012 850 
726 1190 
708 1190 
2021 282 
1760 282 
15 1190 
2256 2111 
1190 3243 
1293 1780 
1769 1209 
3244 2486 
77 2935 
157 34 
2411 2535 
834 3238 
3128 1111 
877 2963 
770 3245 
2760 3246 
2714 158 
3247 2727 
3000 808 
690 2049 
2450 2049 
575 2111 
1714 1589 
2481 1 
2481 815 
1434 2374 
905 1 
1434 808 
1760 2374 
1788 2704 
2986 2986 
412 808 
3000 3089 
2704 2576 
1738 3239 
690 2576 
571 1792 
1738 571 
2704 2704 
1237 571 
368 808 
2629 62 
2963 571 
3248 62 
1788 62 
3249 3231 
400 62 
1760 3250 
2207 2207 
1343 135 
2207 62 
287 3231 
