1442 2469 
1961 2469 
2442 2496 
504 2496 
1259 1985 
134 221 
295 2497 
1790 2136 
121 2497 
2498 2496 
1790 31 
968 2136 
1257 2175 
2499 2175 
2500 284 
2501 692 
687 298 
1578 667 
278 2497 
1343 81 
2446 298 
2502 2465 
726 1 
294 2503 
2369 2503 
837 2465 
77 2503 
224 1476 
81 2504 
77 679 
2505 2504 
1050 2506 
2411 1959 
445 2497 
2507 2508 
1050 2266 
459 2266 
1790 121 
2234 901 
171 2509 
2180 1 
2234 1541 
20 1541 
1762 2136 
519 726 
1257 34 
20 1 
539 798 
894 1541 
2510 667 
2256 901 
539 2390 
234 134 
2215 2390 
2214 2511 
1368 298 
2512 2214 
2315 2503 
2421 609 
2480 2513 
8 2136 
8 2136 
945 2088 
47 2390 
945 2136 
459 2088 
1377 2136 
2474 2513 
995 2513 
459 2136 
1377 2514 
750 2088 
