800 293 
349 710 
656 31 
224 31 
869 4 
98 572 
562 31 
4 43 
44 811 
44 12 
134 609 
150 202 
15 43 
293 3 
248 609 
15 609 
43 609 
517 850 
539 5 
770 31 
146 782 
517 609 
15 31 
77 782 
870 26 
15 656 
110 80 
442 248 
15 3 
346 78 
450 609 
871 850 
656 26 
872 507 
850 783 
807 783 
506 1 
864 599 
873 843 
517 77 
15 874 
129 1 
875 194 
488 77 
757 288 
876 718 
664 31 
43 248 
877 77 
27 1 
44 569 
878 1 
106 31 
256 80 
822 400 
199 224 
667 78 
879 96 
879 128 
879 26 
140 26 
656 26 
140 97 
656 20 
728 656 
123 667 
300 20 
43 273 
43 31 
