4902 18797 
17555 18797 
1352 19238 
3295 1099 
5185 4589 
29 16261 
15322 19239 
14722 4458 
13965 13024 
9510 16261 
9510 16261 
3295 15895 
7804 19240 
11881 12168 
3831 19146 
15931 2704 
7804 17710 
7878 19241 
2704 19242 
19243 877 
1893 14709 
5180 202 
2061 2704 
5365 2704 
2534 408 
2534 5182 
4924 4924 
2534 128 
11038 10561 
2287 15936 
111 18404 
3781 9996 
2248 19244 
2216 17359 
9715 10546 
204 2984 
19245 17359 
10424 19246 
29 3807 
850 9391 
2534 199 
2534 27 
2534 4958 
2534 2136 
2187 10033 
15388 8303 
4643 13973 
2729 19246 
