8660 5291 
11585 11581 
7804 3577 
4719 2535 
4972 10166 
11524 4104 
11586 11587 
834 11588 
10659 11275 
4952 11352 
4397 2073 
1513 11548 
4633 3577 
2892 5519 
123 1828 
7804 1036 
834 5935 
10406 11589 
877 9364 
11590 7431 
153 11591 
9747 1797 
1197 11591 
726 9364 
10659 1797 
10659 4958 
11008 11548 
7407 445 
2481 4958 
453 11275 
1718 11592 
5093 11548 
11593 3577 
2711 9639 
3484 9639 
3425 9639 
10406 11594 
1247 11595 
6334 11511 
2963 1036 
2763 11568 
11596 9602 
1248 9639 
2481 11504 
1521 9887 
8819 7407 
10871 10871 
10842 11597 
