3009 2854 
1400 1247 
3008 1507 
2763 3010 
546 3010 
1768 616 
431 546 
834 616 
1350 850 
2446 850 
1350 2935 
2717 609 
1030 15 
834 15 
2621 1343 
3003 3011 
3012 74 
2811 2704 
2811 2854 
2790 2704 
2359 1542 
44 2704 
2963 616 
1300 2062 
2811 3013 
2548 2704 
402 97 
2621 2214 
850 728 
2725 609 
1309 501 
2763 1612 
2763 2062 
3008 2062 
2214 1567 
800 609 
2548 248 
2021 1567 
1847 1885 
1309 139 
1611 1163 
785 1163 
2763 1163 
2811 184 
389 1163 
2811 2854 
609 728 
43 1015 
1190 2811 
537 3014 
2711 2711 
97 1015 
3015 877 
3016 1190 
44 1190 
2450 1593 
3017 1190 
15 1593 
