4902 8415 
14111 13681 
656 14117 
256 9182 
12194 2811 
256 7559 
656 8415 
4333 13692 
10644 13692 
14118 13692 
9510 850 
4902 10236 
7708 14119 
2481 6806 
11182 11182 
9479 14120 
14121 7832 
4274 12596 
2704 13692 
14088 13200 
14087 5984 
567 13692 
7804 12596 
5972 14122 
7078 14122 
11038 14122 
1350 7559 
13069 12816 
726 12816 
3706 1991 
7309 13926 
14123 60 
11197 14108 
10521 14124 
522 14125 
3095 3367 
14089 14126 
2550 13692 
4902 4118 
6721 4118 
4902 5697 
1761 12791 
6721 5376 
10537 12791 
3646 2785 
4952 12299 
4011 1991 
8819 3333 
2868 14127 
13853 8909 
43 13875 
13806 8909 
