14618 16117 
8276 10216 
6480 16108 
3945 16118 
800 16119 
2827 11817 
2729 13133 
2827 2643 
13806 16120 
8660 14683 
1870 5457 
16100 6724 
14012 16121 
4692 16122 
7485 16123 
6791 5457 
9334 16123 
16124 4458 
4643 13921 
2451 10881 
7034 13380 
16125 15224 
6193 14697 
15452 16110 
10659 16126 
16127 10233 
5658 10233 
2599 16128 
1957 508 
8904 13380 
9959 16129 
4643 1531 
1355 1247 
15452 1355 
111 15885 
1355 1355 
1256 1247 
16116 16130 
16131 15276 
410 410 
4952 15932 
15522 11817 
11359 16130 
16132 15421 
9959 14088 
2083 11504 
4593 14697 
2711 3230 
1614 14771 
1790 11504 
16133 15276 
