5520 4722 
5522 3695 
4902 3789 
3840 4722 
734 3789 
4902 1909 
724 5674 
2763 1909 
3798 2370 
188 5675 
77 1909 
43 3789 
3986 5661 
372 537 
5452 5417 
4407 5612 
2541 599 
1962 599 
47 2281 
2049 1759 
877 5672 
3649 1759 
567 5417 
1452 1909 
4281 4722 
1521 1355 
459 995 
759 1355 
5100 5676 
459 5437 
997 1759 
3553 5677 
995 5319 
134 5319 
3095 4902 
4263 4902 
4297 2370 
1611 530 
44 1170 
916 5319 
133 5161 
1259 5676 
726 5678 
2550 5676 
726 459 
1050 459 
3320 3541 
5679 4795 
5655 1228 
5514 5680 
5673 5673 
4975 2960 
5673 609 
4397 5675 
77 1291 
1247 1291 
1682 115 
98 5675 
1248 2960 
43 5161 
47 115 
4364 3587 
3540 5681 
4751 3005 
4692 2319 
5245 1803 
