1248 569 
2225 1209 
1927 609 
850 1189 
31 2154 
1318 1377 
1758 989 
450 2239 
44 569 
2250 98 
2251 2239 
2251 1397 
4 2029 
195 2239 
2251 2239 
1135 989 
2228 1189 
2252 2222 
1951 2253 
2230 2230 
388 121 
1247 1749 
234 2154 
1503 1367 
1503 135 
1503 135 
194 609 
1052 77 
549 1392 
1052 57 
101 2154 
2252 65 
1052 1923 
2145 903 
1052 287 
224 2029 
1611 420 
2195 877 
947 1342 
76 1923 
726 2254 
2255 1923 
1630 877 
1753 420 
1503 34 
687 1189 
679 1367 
2216 900 
1710 778 
1947 903 
2256 34 
609 1291 
204 1291 
1611 2257 
43 2258 
2259 903 
1951 1725 
902 1070 
1721 1291 
995 989 
173 295 
609 295 
1761 295 
153 989 
194 989 
905 679 
905 989 
1378 240 
2260 989 
609 509 
2216 849 
182 2261 
278 2261 
539 509 
43 849 
514 509 
1670 849 
546 509 
34 1291 
850 509 
2092 1753 
34 989 
1867 2094 
