153 8816 
8738 1744 
8914 8915 
256 8749 
5972 8916 
8598 8917 
7804 410 
7900 1725 
74 1247 
2714 8918 
4297 2281 
2704 8919 
4902 8919 
5459 1228 
3003 8920 
153 537 
2594 2594 
8921 6987 
2892 8918 
2481 8865 
995 7627 
98 674 
835 4253 
555 4363 
7708 4043 
224 71 
8922 1228 
1589 4682 
3095 4682 
5402 8923 
526 2000 
3093 2029 
3540 8924 
4633 4253 
4397 1497 
1371 6349 
2892 8810 
1099 115 
8515 4253 
2599 2319 
2083 1497 
2714 1041 
8925 8810 
2714 6495 
850 8926 
902 2599 
8633 8927 
2029 8927 
1037 8810 
2758 431 
2053 8928 
