1670 6314 
6321 6319 
5518 6314 
6126 256 
4845 5289 
2632 2266 
6314 2266 
3986 5113 
6239 5113 
3560 5113 
2785 2266 
1309 6319 
27 6314 
4902 1984 
2640 6285 
42 468 
1656 1522 
5402 94 
2082 2073 
6322 1984 
3095 6323 
2811 2266 
1890 6314 
2811 5326 
4814 3655 
4440 27 
6324 501 
194 3655 
3655 2266 
43 3977 
1977 6325 
368 6326 
2153 2266 
2763 5478 
3542 6325 
6058 1288 
4953 6327 
6328 6329 
4139 20 
4397 4220 
6330 204 
872 872 
3986 6329 
6328 4633 
388 5402 
4005 6331 
2122 4633 
5481 5127 
6332 6319 
