2897 3364 
1288 3364 
1773 834 
997 2107 
3327 1805 
3580 834 
3425 1890 
630 1890 
1541 2935 
3581 3364 
2905 1890 
2711 3582 
2411 3582 
2760 475 
2411 3369 
1875 459 
1108 3583 
346 3364 
346 1943 
3480 3584 
2763 1890 
901 1589 
1050 3022 
2714 459 
3369 2935 
2411 124 
3320 2374 
3585 7 
1611 3022 
1789 3033 
3585 27 
442 77 
3453 3364 
459 1890 
2963 3523 
3222 1494 
2351 3364 
1513 1494 
27 960 
295 1494 
1400 960 
3516 2202 
2905 850 
2323 1460 
3516 3584 
1135 1494 
2548 3364 
3586 238 
726 850 
2548 850 
145 850 
1611 1460 
1259 1890 
2905 850 
726 850 
3540 3248 
1601 116 
3540 1453 
3248 1580 
630 2682 
1611 3576 
834 1589 
3248 3040 
2714 3576 
1503 2029 
1784 3248 
1247 3587 
20 3587 
2021 630 
892 1247 
2763 630 
2714 3247 
1780 2682 
2763 3352 
3248 3352 
2446 2935 
1257 3247 
238 1247 
947 630 
1768 3588 
2215 1291 
1611 3589 
1947 3364 
2714 2948 
3181 3264 
3384 630 
3540 3589 
3340 3364 
1030 3247 
3519 3589 
2187 2945 
997 850 
1259 2551 
3426 2945 
459 2945 
1259 3590 
2714 2945 
84 3590 
