3003 3881 
1197 9944 
9764 15 
15 405 
7708 10287 
4952 10829 
11038 89 
9238 11821 
10659 5332 
2481 9944 
2481 11822 
2481 1170 
11038 1963 
10659 10829 
3928 4312 
10659 11821 
9819 5935 
11688 6496 
2758 11823 
2136 3364 
2055 6078 
2871 15 
1352 5332 
15 3924 
575 3924 
3291 11821 
7804 11662 
9692 759 
11824 11740 
3440 822 
9425 968 
6334 11825 
9692 77 
5375 7617 
2758 2729 
2763 11552 
3977 822 
613 3924 
1890 11825 
1828 11224 
2158 822 
10537 10659 
8309 11758 
724 3881 
6174 1749 
11826 3214 
