2764 16390 
18336 12306 
5518 3807 
770 18378 
1248 3807 
453 18379 
29 3807 
77 16315 
3093 17369 
6599 18380 
13837 18381 
16226 9281 
6599 1497 
10659 18375 
18382 894 
1589 1350 
8660 18312 
575 1350 
4625 18383 
13860 421 
10951 7833 
7804 1497 
4924 7833 
16969 2704 
2599 2599 
7804 4643 
7710 5883 
14308 18371 
17397 18370 
13801 18384 
3394 17048 
16067 3107 
4770 18371 
18312 18385 
13801 18385 
12027 3107 
18385 18385 
13801 18385 
2535 17690 
15550 18385 
18386 9394 
2704 12385 
16100 8499 
8633 17369 
4261 17573 
18230 18387 
10659 14301 
6721 11992 
1497 1497 
