2377 2402 
322 1241 
724 1631 
504 110 
89 708 
945 689 
1197 1805 
2377 2403 
2216 2136 
569 506 
1951 2136 
2029 506 
1738 2403 
995 2319 
947 34 
1541 2403 
383 408 
1541 110 
268 1758 
31 2136 
2195 2319 
2370 1040 
1611 2032 
1452 2403 
785 2136 
44 34 
194 60 
2404 248 
1259 2136 
1050 2275 
96 289 
1522 2195 
850 97 
2215 2405 
724 1951 
2215 273 
2406 98 
2305 2388 
445 97 
1371 2195 
844 2383 
1762 627 
204 2407 
2214 2383 
459 2157 
153 60 
1851 2136 
153 2383 
539 2157 
2390 2157 
1499 2407 
2088 2407 
850 2157 
1761 2383 
20 2157 
2351 2383 
1761 1173 
257 2157 
1951 97 
453 1134 
2090 2062 
1378 2157 
1248 2157 
1761 2157 
1805 2157 
2388 2388 
1259 2407 
708 2216 
1753 2216 
800 2340 
850 1170 
