2976 997 
194 2811 
256 3322 
708 3337 
3331 2811 
48 778 
3338 1452 
2021 2576 
2216 2576 
153 2155 
3322 2811 
3247 3231 
408 2811 
97 1580 
2893 3322 
1494 1580 
97 997 
903 1580 
97 2390 
194 3339 
2704 1580 
2976 997 
3088 1580 
2976 1368 
196 987 
2373 1580 
2853 77 
1400 77 
2392 3340 
3291 1992 
1851 3340 
2681 997 
346 3337 
2092 2390 
1589 2811 
158 997 
445 1580 
1759 77 
1714 408 
609 77 
1062 1580 
819 3331 
3009 1356 
2976 1336 
3337 3337 
3322 77 
1343 3339 
2976 960 
2976 1522 
3291 368 
1400 368 
2351 3331 
481 3341 
256 997 
3342 3343 
278 997 
2714 3341 
3263 77 
3344 1046 
3345 2447 
1452 1452 
3320 3340 
3170 2245 
3276 248 
3346 2580 
284 1452 
173 1247 
1134 1247 
2890 3271 
3170 3146 
2319 1247 
537 1247 
3075 3146 
2351 3331 
2331 2981 
2214 1247 
3210 2403 
2187 3316 
153 3347 
1350 1247 
1350 3348 
3316 1319 
2917 2576 
2021 3316 
2281 97 
2351 616 
3186 347 
445 3348 
3349 1452 
2976 347 
3320 3340 
