8660 7361 
5717 2211 
2760 7024 
6193 2211 
4902 8237 
8650 5888 
526 8515 
122 5888 
1343 118 
905 7957 
8650 1190 
6599 6389 
8660 6389 
7780 7361 
6359 118 
4497 8671 
5151 5888 
4692 8672 
6193 8673 
6359 8674 
8675 118 
6174 4200 
5972 8672 
5972 8675 
8676 8675 
7407 8515 
6987 8515 
3095 1582 
638 8515 
7020 8677 
2073 8677 
1784 118 
8067 5493 
1678 2196 
8678 1349 
8585 8585 
8650 8679 
8461 8674 
3846 3872 
3797 6316 
8000 1522 
1381 1507 
598 1507 
6126 3451 
6193 4593 
3117 7283 
3394 5202 
6359 1749 
