31 609 
1282 1720 
285 285 
966 1356 
539 856 
1556 1323 
1143 1323 
194 609 
1556 1356 
567 1323 
1556 1263 
1670 609 
1378 609 
995 1323 
1259 448 
1721 1525 
768 837 
1509 448 
1259 1371 
569 448 
822 1527 
1617 1527 
346 1721 
1322 1670 
431 91 
1722 609 
1718 91 
224 91 
1542 539 
850 1670 
1445 1323 
1408 1323 
133 91 
473 1720 
686 656 
1723 1323 
1724 91 
8 609 
70 1670 
121 1609 
1326 238 
77 569 
1718 569 
1611 569 
1050 569 
569 137 
81 609 
1259 137 
808 137 
188 539 
18 101 
18 1326 
616 1725 
18 11 
98 238 
1248 850 
609 1190 
122 1190 
672 31 
1726 1701 
1368 1551 
956 31 
1209 569 
968 352 
1727 1 
968 1355 
1727 4 
1525 569 
1727 465 
459 569 
687 1670 
1718 91 
1619 569 
89 569 
31 569 
89 569 
1718 20 
569 808 
1525 27 
199 20 
1676 27 
346 1728 
1729 488 
1730 808 
1731 1458 
1328 539 
995 1606 
298 1728 
48 692 
1323 1323 
245 49 
48 1129 
