1995 11224 
3881 3239 
96 11823 
7804 968 
10659 11827 
11038 11828 
4072 11829 
1142 4104 
616 11830 
7617 11828 
3438 11687 
71 11831 
9425 2984 
877 1190 
2714 11163 
7804 11832 
3479 10583 
2714 11833 
10659 8939 
837 11817 
3086 10867 
7804 1350 
29 1350 
1995 11834 
1099 11834 
44 11832 
5493 2681 
2255 2022 
6672 6672 
3540 11687 
9715 11835 
10842 9995 
138 8561 
9715 778 
11462 5459 
3320 4065 
1611 2681 
10482 11836 
5093 1760 
4631 11837 
8309 11552 
11688 11838 
1197 11839 
11840 4048 
10144 11710 
10537 5493 
2215 1247 
