5518 2319 
3881 2299 
182 3945 
5518 2632 
5518 1170 
1259 5517 
2550 5519 
5520 4795 
968 5519 
2532 5510 
656 679 
4011 2681 
2351 5521 
1108 656 
995 5522 
132 5522 
5172 656 
20 656 
5185 656 
901 656 
2892 4104 
15 3627 
872 968 
3308 609 
4032 3627 
4814 679 
1350 3627 
656 3627 
1611 2704 
4470 656 
1050 3086 
724 2704 
2411 2704 
182 3086 
5185 2551 
822 1291 
822 5461 
101 656 
724 5523 
5524 5525 
3719 2551 
5390 5525 
459 5249 
4972 3553 
4972 569 
188 101 
861 3731 
4779 253 
15 4056 
5520 3170 
15 5523 
3627 1458 
1522 5249 
835 5526 
5527 4902 
5129 5528 
2215 656 
298 5529 
3928 5529 
1321 5522 
872 4065 
2785 656 
337 4065 
5518 74 
3847 4065 
2763 5493 
1045 5493 
4446 656 
2215 5530 
