10667 15391 
15392 15393 
1521 10424 
770 15394 
837 8738 
4593 15395 
14972 8738 
4593 1525 
4896 34 
1995 2370 
3592 15357 
5471 34 
4593 34 
10411 15396 
13317 15397 
6174 10144 
2275 14308 
572 8738 
9510 15398 
14807 4641 
1099 8738 
5172 2764 
1300 13277 
3455 4641 
9747 4795 
4631 4795 
14037 1828 
15392 2704 
10659 15305 
6510 5616 
14108 4902 
202 9999 
2534 429 
7804 9639 
15220 9999 
8738 9999 
14618 13 
15334 280 
8098 15399 
14282 13277 
7686 14308 
3846 459 
734 15400 
6126 15401 
13615 10561 
11197 15385 
4952 15402 
6646 10561 
6646 15396 
5518 15403 
14618 11224 
14618 4065 
