1138 405 
9582 5189 
616 60 
4497 9683 
9677 8407 
9479 1170 
8948 60 
837 5375 
1790 5375 
2856 6161 
2714 9672 
4011 9684 
9645 9645 
8911 1805 
7956 5189 
2327 9636 
8127 278 
4902 9618 
7078 4312 
7407 9685 
5360 2594 
2055 1170 
1138 9477 
4643 9480 
3425 1062 
9479 9686 
1797 1797 
2763 3537 
140 7768 
4593 3537 
4633 9686 
613 1749 
6367 1797 
4756 9480 
57 9686 
8660 4312 
312 4312 
1851 5127 
6988 9686 
3095 9628 
2481 9686 
3986 9687 
4631 9370 
153 4454 
9688 4460 
708 1749 
8054 9642 
3095 6432 
3320 448 
3540 1582 
