10537 20204 
3159 656 
8819 19372 
4692 20000 
5972 19908 
3159 656 
4902 12385 
656 656 
3852 656 
6126 60 
18346 3734 
20205 77 
84 13987 
5093 759 
11358 19715 
2275 12385 
656 656 
8515 20201 
572 19396 
3807 19964 
17942 5182 
4407 759 
5493 20206 
15550 5493 
17294 13844 
6174 19482 
14890 15236 
4952 1632 
5180 20207 
12027 15236 
7309 15854 
19838 20208 
109 4312 
14844 19372 
1197 1761 
18583 19490 
16373 19490 
224 18730 
6126 14666 
3159 656 
2246 20209 
10881 656 
10659 20210 
17294 18307 
