1247 89 
3095 4872 
2714 1525 
1738 2713 
4732 644 
1768 4075 
4927 989 
995 2213 
459 3230 
122 1411 
4397 4928 
173 989 
2640 539 
2090 1507 
450 13 
4918 530 
4901 4901 
346 13 
1611 989 
4929 30 
877 539 
4930 644 
850 4043 
1589 1589 
4727 539 
1589 989 
569 1589 
1259 1009 
4059 4454 
1050 1387 
3440 1009 
2070 2070 
4931 943 
134 1009 
4932 997 
4251 1009 
1760 3755 
3074 4692 
1995 968 
4333 4933 
4168 4934 
2599 890 
2868 4935 
2021 890 
2533 1759 
785 1009 
4936 4738 
3894 345 
4918 4692 
335 1009 
4877 1928 
456 4454 
1890 345 
3484 3230 
2827 4937 
2868 345 
2763 3881 
997 4633 
