2724 2676 
1 2676 
2621 2374 
1836 77 
2715 679 
2725 38 
1963 1963 
2725 168 
1246 2278 
905 1963 
1108 1963 
1350 298 
1784 1963 
77 1963 
2599 2673 
2725 2716 
315 2726 
1760 1963 
1876 1963 
77 168 
159 2727 
2510 2676 
708 2676 
1951 2676 
1598 1963 
1702 1963 
1247 2157 
15 2676 
2711 1963 
1350 1963 
679 1963 
288 1288 
84 2676 
1350 278 
188 2727 
834 1744 
431 1963 
1611 608 
2214 608 
564 284 
2598 1963 
1611 1963 
2157 1963 
2157 1963 
1611 234 
15 1434 
2728 459 
1572 1469 
1768 2729 
368 77 
2548 234 
2612 2673 
1805 1170 
284 679 
2714 278 
2488 1170 
1050 1350 
1851 1288 
2216 1350 
2446 1469 
109 2029 
2629 2730 
526 1170 
109 2676 
2607 184 
312 2676 
537 1170 
2643 1392 
84 1434 
759 808 
2599 2676 
1089 1392 
586 1963 
2349 811 
2009 184 
2267 537 
2136 1123 
1365 537 
459 2731 
1223 1370 
284 284 
2480 184 
945 811 
2228 234 
656 1526 
2480 537 
34 184 
