8660 12543 
1762 9277 
134 6718 
134 7320 
194 199 
2919 6718 
1890 9218 
2638 12544 
1248 4795 
4072 199 
194 199 
2974 12541 
11028 12544 
6439 5927 
12456 1099 
11886 3283 
2287 12545 
7895 7804 
1851 7185 
1499 3283 
4972 3553 
1352 12466 
10659 8738 
12546 9593 
12547 1850 
5972 6085 
575 6297 
12548 2704 
12549 12550 
293 3087 
12551 12552 
2114 5883 
12032 567 
1138 6085 
4263 1029 
202 11173 
12553 716 
10194 12554 
10659 12554 
10659 6085 
12555 12556 
2481 8904 
7710 12556 
11390 12553 
850 12557 
8684 2073 
9819 12558 
12466 12466 
