1343 14430 
1963 5836 
2187 15638 
12036 15531 
15550 3928 
1271 7359 
1355 15609 
7723 14618 
1271 7359 
4407 7723 
9510 6175 
43 3367 
3781 15632 
3540 15639 
708 4082 
14631 12765 
4407 15526 
10627 14142 
10627 11329 
15126 7359 
2187 5136 
14308 14926 
14618 8517 
1784 15526 
9399 15622 
2548 11559 
14618 11559 
4261 15640 
15550 15641 
6334 15526 
11038 14142 
4593 91 
4593 15642 
4952 8904 
15625 15640 
15643 14928 
15623 8517 
7975 15120 
1890 15642 
15644 8719 
10627 15645 
4810 15646 
9819 4027 
10190 15320 
