1005 298 
1638 48 
1343 2524 
98 2374 
383 815 
690 561 
517 537 
726 27 
1377 815 
3 27 
2539 27 
265 48 
20 27 
43 815 
1805 283 
569 298 
726 1790 
20 1790 
459 1963 
2540 2370 
157 34 
2370 2370 
459 2541 
1197 815 
1761 2531 
2373 2531 
89 27 
2542 2195 
2543 898 
1813 2489 
1239 2544 
903 2524 
2545 2546 
96 1460 
2214 1321 
1248 749 
1813 1963 
44 1963 
2547 749 
8 2457 
708 1963 
726 2457 
2215 2457 
44 2546 
3 77 
2548 27 
1329 2549 
1197 749 
459 815 
2550 386 
2256 204 
537 656 
1768 1247 
1371 1917 
894 288 
2545 2179 
1890 2179 
2143 749 
368 2179 
1761 1670 
2429 1670 
539 114 
656 1170 
153 1670 
1880 2551 
1522 2551 
679 1670 
153 408 
903 537 
2094 431 
2077 1727 
1442 2541 
1408 561 
1638 2457 
31 679 
31 679 
278 2541 
690 2541 
2520 1192 
2488 1170 
