539 2164 
3387 4211 
1598 1323 
3643 278 
2714 4212 
791 3636 
877 278 
4100 4077 
77 278 
835 4077 
2758 4059 
2714 4213 
925 31 
3308 278 
34 34 
1310 278 
1350 278 
1350 278 
1310 1926 
724 2175 
1790 278 
1768 4214 
1234 2856 
759 99 
1259 4215 
1050 86 
759 2856 
256 278 
459 86 
4216 4202 
2164 86 
34 86 
2061 570 
3881 86 
4173 86 
140 2157 
20 86 
4005 4213 
4217 86 
4100 3462 
2061 3019 
3400 681 
3789 2995 
2763 2995 
2986 2986 
4076 86 
2714 4085 
4084 4085 
850 1247 
2267 4218 
1521 99 
708 346 
3516 2995 
4219 898 
2714 86 
134 1677 
194 86 
3643 86 
4219 3911 
3853 2948 
1108 4186 
1589 86 
3095 346 
156 4186 
2664 4220 
15 1050 
2885 86 
2481 1247 
3232 4221 
2267 86 
2267 2638 
312 86 
890 726 
4219 627 
1005 4218 
298 2114 
2758 99 
3425 2638 
1768 572 
4222 1121 
69 2114 
312 346 
3825 4223 
4059 2136 
