3407 3408 
997 3430 
1408 3431 
3426 3432 
347 3430 
2548 3431 
1356 3432 
3433 3065 
368 153 
1343 2704 
1940 2704 
3008 3434 
3435 3355 
8 3364 
3435 2934 
2714 2945 
3086 2945 
157 34 
1248 3436 
2280 3436 
3407 408 
2963 3437 
1248 2945 
3438 347 
1727 1465 
609 2905 
153 153 
2049 153 
575 3396 
2481 3436 
2548 3439 
27 2905 
3387 2469 
97 2905 
2446 877 
3440 34 
2704 3441 
3364 575 
15 2960 
3419 3442 
1761 97 
2960 2612 
400 2905 
3443 97 
3419 3444 
453 2960 
445 2704 
1645 2541 
3012 153 
1078 2905 
1784 2960 
3305 153 
1761 575 
438 575 
3364 575 
1115 347 
3419 3445 
194 2960 
3012 3441 
3215 153 
726 1121 
1259 2960 
3219 3445 
284 2960 
837 153 
2682 3402 
3320 3446 
2267 3446 
123 153 
2267 2960 
2248 1234 
2323 2960 
2704 3445 
3447 2704 
129 3093 
3425 3419 
2714 2853 
3448 3316 
43 2216 
793 153 
708 3441 
2638 347 
3086 3316 
1550 3449 
1940 153 
2963 283 
43 283 
1142 2214 
76 2214 
15 283 
184 2960 
2638 1738 
2411 1738 
3450 2960 
2905 3451 
3452 609 
1288 3451 
