1259 74 
89 5064 
2017 3057 
1890 5076 
1350 3627 
1599 1738 
1928 539 
2098 3057 
5077 5074 
5077 4722 
4902 5078 
1050 77 
2215 47 
4079 4079 
4297 2934 
346 5079 
4756 4148 
138 2892 
4477 2934 
2481 4975 
3239 5080 
4421 3333 
1556 2098 
3253 4795 
3765 1721 
995 5081 
3034 1173 
4163 4178 
567 4868 
4297 47 
77 2554 
4902 504 
4129 1173 
44 2554 
453 2811 
453 2098 
3643 5082 
77 5082 
256 877 
945 877 
278 2098 
3394 27 
3823 2763 
3540 2098 
4096 5082 
5083 4178 
807 5082 
1805 811 
802 569 
3746 77 
412 5047 
2267 802 
850 5084 
2215 5006 
726 802 
43 278 
1099 3660 
2963 802 
5085 1170 
2827 877 
5086 5082 
1851 776 
4722 4722 
