1452 724 
5499 7972 
44 7971 
1452 7924 
44 7973 
1985 7974 
3138 7973 
2714 7407 
6987 3881 
2963 7198 
44 7965 
5927 7965 
156 3881 
4902 3881 
43 1099 
5375 7975 
844 3497 
4297 428 
5883 7972 
1050 1050 
995 7939 
122 7976 
726 7123 
2481 2175 
7977 4951 
1343 7939 
42 4010 
5197 7939 
3607 2175 
5365 7939 
7978 7975 
224 7979 
1761 1761 
4814 679 
1761 1761 
3953 1761 
3881 3881 
2714 7879 
5446 7980 
7981 726 
4593 1578 
4269 599 
4902 7982 
2429 845 
4902 7983 
6126 6044 
2704 7717 
6548 7976 
2747 6034 
2429 3977 
7623 6034 
6568 921 
1522 7399 
6358 1761 
2351 3977 
2827 7984 
133 7985 
1780 7985 
