2187 20189 
111 5493 
16773 5958 
14890 274 
1495 3928 
5185 5493 
111 17241 
1099 17241 
6126 20184 
16773 19501 
8251 19977 
2704 20184 
111 20190 
19356 19460 
1057 9842 
12791 14615 
6126 16384 
10277 19977 
14976 19501 
7898 4514 
656 656 
2535 656 
5471 656 
2758 19372 
16338 3977 
20156 17890 
20156 20191 
17911 726 
20156 14098 
14976 20192 
1611 656 
10537 4902 
6425 20150 
20193 20194 
2136 2136 
2704 4458 
20195 20196 
3159 19736 
8633 16893 
8276 20197 
18346 656 
410 656 
410 656 
104 6897 
11166 4025 
14818 656 
