5093 11266 
11573 4814 
877 8660 
11361 10829 
11587 11630 
315 2180 
11038 11631 
995 7735 
6193 10886 
6833 3159 
11477 7975 
3593 8660 
6126 11564 
8276 11511 
708 7975 
1951 4723 
11632 8907 
9764 11633 
9877 7735 
11469 4363 
877 1350 
453 11634 
7804 4962 
837 4962 
10129 10653 
10659 7425 
10293 4958 
7804 11635 
1343 10653 
4633 4958 
4732 7692 
2215 5731 
2510 11636 
2892 2551 
2550 10653 
2275 5457 
1995 11636 
77 5174 
29 5174 
10537 5493 
11637 4593 
856 1247 
5092 5174 
4011 10653 
3453 4870 
2351 4870 
4407 465 
4902 4134 
11638 571 
2481 11610 
9715 11639 
1851 4870 
389 3423 
1682 4870 
4297 11636 
