1963 13895 
11106 11106 
13793 13903 
13626 13904 
9238 12678 
4952 13905 
9819 10300 
6751 4458 
11679 13287 
613 11393 
12596 13906 
4631 13905 
3540 4458 
1256 1767 
8676 13907 
9479 8738 
4631 1767 
13908 13909 
6987 13910 
8 2543 
8276 13911 
575 13907 
4902 13907 
4902 13912 
13913 13914 
10855 13914 
4902 13914 
4902 13915 
6510 13914 
315 6669 
10659 13916 
10659 13915 
10659 13907 
4952 13916 
4059 10727 
1614 11357 
3394 2730 
2704 13917 
4011 12404 
4902 13917 
1614 5941 
4134 13820 
13918 3928 
