5109 2977 
3247 3587 
3308 3587 
555 4962 
77 5110 
1738 1738 
4167 4962 
3394 3320 
5061 4795 
5111 131 
1995 2136 
1730 2136 
5112 2051 
4353 5006 
5061 5113 
2090 5113 
5114 1350 
1951 734 
3789 5113 
453 1350 
2510 5115 
8 5116 
2092 1890 
2481 4795 
821 5115 
539 987 
4477 5006 
1032 2977 
3736 2714 
2351 2136 
2638 2977 
153 960 
530 960 
4631 960 
4975 2977 
1542 960 
77 960 
140 2136 
368 960 
77 960 
256 960 
256 960 
5092 960 
4007 2977 
4744 960 
4754 2977 
77 5113 
2576 4795 
1780 960 
1190 5113 
89 960 
4505 960 
4454 2714 
3746 960 
837 960 
1378 960 
141 960 
2481 2977 
1418 2977 
3872 960 
278 960 
278 960 
188 5117 
