2785 1867 
2297 1857 
3394 6045 
138 5127 
2252 5127 
193 5838 
2053 428 
120 428 
5934 3695 
3333 6034 
3271 6046 
6047 5836 
2481 3746 
4128 6041 
2351 6048 
2481 989 
86 1857 
1995 6049 
6050 6046 
4363 6041 
800 6046 
4297 6048 
4397 1725 
1247 6051 
4397 428 
1050 6051 
6052 428 
5883 5883 
5972 6053 
138 2305 
1036 6053 
2637 6053 
459 76 
3881 3697 
2053 5733 
4114 5788 
360 428 
5499 5499 
2053 2704 
5499 4304 
935 2187 
5459 4966 
1248 4795 
5412 5127 
1867 5788 
43 704 
1108 2216 
138 5896 
3781 6046 
3320 1728 
459 5127 
5254 4593 
193 3765 
4011 2599 
2588 4795 
1951 2599 
4128 6054 
6055 2562 
6056 4119 
5279 917 
