5972 10095 
6126 47 
7804 6365 
4613 4613 
3986 10095 
6920 4261 
43 6365 
2287 8414 
835 10096 
526 10084 
835 10012 
2763 8414 
6551 4261 
10097 10098 
2481 10098 
10099 442 
9959 9877 
442 8460 
4902 9959 
4902 6022 
2351 4261 
293 10012 
10100 795 
4902 10101 
7878 10102 
43 1343 
2843 5116 
7804 10011 
7898 4261 
9992 10011 
4593 8414 
44 3431 
1611 8239 
1050 2512 
3369 919 
1234 8414 
2248 10103 
284 10101 
7686 9617 
10089 6443 
2256 6175 
2763 10049 
4847 6022 
43 1343 
4902 3034 
245 6365 
6854 2704 
3320 2704 
10104 1591 
4631 10049 
453 6022 
4104 10042 
7078 431 
1738 10042 
3295 7447 
