4005 4856 
6343 6344 
1452 947 
4902 6336 
4407 5478 
6110 6010 
2370 2370 
6345 2370 
5418 6344 
679 901 
1611 1715 
2711 3793 
4416 3793 
5636 3755 
2122 1917 
724 5502 
5180 3755 
901 3364 
3095 4902 
194 5502 
5180 5418 
3540 6346 
6347 6304 
27 6314 
4059 6304 
44 6333 
3394 6333 
4333 6044 
6348 6349 
6110 6304 
3881 6204 
6350 947 
4953 5890 
2145 6351 
3881 5890 
5927 4184 
452 1190 
1890 6314 
4011 5958 
2122 4184 
1550 1247 
2397 1247 
5446 6170 
1851 6352 
3320 1247 
4771 94 
2122 4633 
3906 6304 
43 6304 
2481 6353 
43 48 
4005 48 
537 48 
1170 1753 
3484 6333 
244 1753 
5612 1753 
4769 1753 
537 1753 
537 1753 
6058 879 
537 1753 
2351 6354 
537 1753 
4032 6355 
6314 6356 
5497 6223 
