151 278 
1489 2600 
459 1853 
1890 1 
1947 506 
1248 368 
2215 506 
575 834 
502 2480 
1400 204 
1321 2214 
126 204 
2601 368 
1805 2600 
1890 204 
1541 204 
312 834 
2602 204 
43 2136 
97 278 
2090 1881 
2603 27 
327 2281 
1738 204 
44 704 
1247 278 
850 1881 
935 278 
431 298 
679 204 
834 2323 
2323 278 
679 298 
1784 298 
43 2597 
2485 298 
1860 298 
690 2488 
2548 298 
98 75 
2359 539 
308 298 
1242 298 
785 298 
2480 298 
1343 298 
569 298 
1611 2598 
609 298 
1209 202 
2604 278 
31 298 
31 298 
31 298 
2359 539 
1321 2512 
368 2605 
2606 278 
2597 1189 
368 2549 
2168 704 
1209 332 
2607 278 
153 1543 
284 564 
245 204 
539 1045 
1780 332 
2017 656 
850 20 
1638 332 
2608 278 
1738 564 
1499 298 
27 2179 
1738 2609 
2021 2118 
453 2191 
2459 332 
2021 2032 
1890 298 
2459 2032 
2187 2191 
537 656 
234 2152 
429 2191 
153 20 
1247 2574 
2610 901 
537 2512 
2187 2611 
613 332 
44 332 
84 332 
