1032 1170 
1326 1180 
408 726 
194 874 
34 278 
929 1405 
278 1406 
459 1407 
1408 571 
503 1407 
960 1406 
1407 1407 
672 346 
1409 304 
831 1406 
77 1406 
672 346 
504 1170 
1367 135 
1247 1264 
1379 1406 
182 1406 
726 1389 
1379 1410 
15 945 
74 231 
199 231 
569 231 
1379 184 
575 1411 
459 135 
504 1170 
503 135 
1412 1407 
550 1413 
1414 1395 
3 278 
91 1368 
60 1405 
609 609 
1408 135 
960 1415 
1379 1415 
872 1288 
613 312 
31 346 
609 110 
1259 1416 
1247 1045 
459 1416 
1247 1045 
1259 1288 
1288 856 
194 34 
564 856 
459 856 
459 1417 
1288 459 
1418 1170 
1189 1189 
1352 1419 
1379 1394 
77 960 
681 1406 
1379 1209 
77 1420 
278 1045 
687 1368 
1338 1352 
1157 1351 
1360 135 
1368 1189 
1338 1421 
1352 1422 
524 1422 
524 1421 
74 1189 
1248 1189 
