5254 679 
1173 1173 
194 2163 
5253 4975 
5180 278 
5286 3881 
569 1589 
224 1589 
2411 4213 
4877 4163 
2640 1350 
4123 1350 
442 4962 
2704 3332 
4952 3881 
1851 346 
2576 5028 
2214 278 
89 1458 
2214 5287 
5288 5288 
3553 4729 
4005 4213 
2640 1767 
43 799 
4014 1170 
5289 2915 
5289 3484 
405 3484 
759 89 
4059 4399 
34 89 
4005 4005 
1259 993 
3086 4399 
4975 4094 
3540 1134 
819 3484 
1611 1134 
1611 4399 
459 4399 
1611 4392 
1759 2214 
1307 89 
759 34 
5290 159 
4692 2214 
459 3484 
4392 4392 
2414 919 
2479 679 
4692 2214 
3881 799 
2764 834 
3230 3484 
2608 914 
3540 3540 
5291 5292 
1050 1099 
4643 4399 
1611 799 
3847 5293 
2868 1760 
2053 5217 
3643 3484 
1768 3627 
4011 283 
3627 4682 
5294 5061 
5185 4399 
1499 5293 
5295 919 
5296 3484 
5059 77 
2856 3484 
4891 2868 
2163 4159 
4891 3627 
