43 6322 
5717 2757 
452 4902 
656 1582 
2632 1115 
6168 4005 
6213 1582 
5478 4059 
1809 43 
2599 1867 
20 1525 
6443 1582 
6482 3863 
3636 3883 
2905 1582 
2351 6481 
6483 4159 
4254 1582 
162 27 
2811 1582 
539 539 
504 1582 
6447 4902 
5972 4526 
679 1582 
759 2599 
1138 1542 
1717 4059 
1738 2988 
834 2599 
138 1582 
4845 2394 
194 2988 
6484 5836 
834 1867 
6474 6365 
2640 1867 
4297 6481 
2640 6481 
901 5728 
4902 2757 
1234 2599 
4333 2988 
2411 627 
6485 1123 
3320 6368 
4497 6103 
2764 4902 
6334 5376 
6486 4934 
4261 431 
1995 5006 
6359 2856 
5619 3006 
562 5728 
6334 2249 
153 431 
1259 539 
2905 431 
5452 428 
6359 428 
4381 4381 
5481 34 
5452 704 
4593 771 
2420 14 
5658 431 
2187 1867 
42 771 
5180 771 
182 2599 
6487 346 
850 2875 
5717 539 
244 3095 
2420 2383 
6359 6297 
