3831 2551 
1645 2136 
2681 4318 
77 4449 
1336 4449 
4450 1458 
726 2211 
15 4186 
4224 3961 
4363 1170 
4450 2136 
1164 2136 
2664 2136 
177 3961 
4446 4451 
177 2136 
4452 4451 
3593 4348 
134 2136 
4453 1951 
4141 1170 
960 1957 
4454 4309 
960 1957 
459 4455 
960 1957 
138 34 
4456 4457 
74 2029 
1499 2551 
131 4405 
3364 119 
2214 119 
1468 4408 
2214 4458 
1611 4458 
4459 3095 
4460 1963 
2246 1458 
1343 2811 
2714 2319 
2652 4461 
2267 2576 
2061 4281 
3689 4461 
2267 4461 
1541 4461 
4462 3945 
708 2240 
1768 34 
1985 119 
1611 4463 
3383 459 
459 459 
4464 4463 
459 4463 
1499 1355 
4059 1355 
140 1234 
1050 4463 
4465 4461 
1236 4461 
4397 1288 
4397 1288 
3453 4220 
1589 1288 
1259 1355 
131 4457 
1768 3977 
4446 4446 
2763 2136 
3840 4466 
562 1288 
300 726 
1960 726 
3320 960 
2571 726 
112 2136 
2879 726 
2711 726 
2136 726 
2394 726 
