3253 3714 
2481 3714 
3353 418 
89 637 
2681 418 
881 418 
1494 418 
284 637 
2963 75 
3368 668 
2021 3667 
127 3093 
2252 1323 
2373 3715 
1611 3423 
3519 3699 
3716 3715 
850 3285 
459 3285 
1300 3717 
405 2142 
3519 3285 
270 238 
3364 2402 
3458 2576 
1310 1407 
2548 2402 
3706 2895 
3519 3718 
2215 1029 
3387 3718 
3719 2195 
3720 3721 
3369 2576 
2763 78 
1050 2421 
31 3653 
1947 78 
1050 3722 
2960 3722 
3316 3723 
3689 3622 
3689 3724 
2960 1759 
1049 13 
3689 3725 
1352 3726 
368 3525 
20 3722 
47 3725 
2215 1089 
3316 3727 
295 2576 
193 78 
1851 78 
835 3516 
1805 3724 
3728 204 
204 779 
1611 3725 
98 3729 
1768 779 
2373 3730 
1805 1909 
2989 3525 
945 1029 
3239 1759 
3728 3040 
3728 67 
120 3684 
44 3720 
2763 3372 
