2187 2541 
2187 2541 
2612 2676 
1542 1527 
76 1643 
575 1951 
613 2541 
459 2425 
2168 572 
76 2676 
278 530 
1307 1227 
368 2676 
2767 679 
1135 1154 
2285 656 
1556 548 
1400 1643 
2768 548 
2681 2096 
517 2769 
1400 1522 
850 2769 
609 2211 
368 726 
1135 548 
1761 2676 
43 2676 
157 34 
2286 76 
1307 2770 
872 2676 
43 34 
2670 76 
2548 34 
2297 1963 
679 2676 
1863 505 
1618 34 
517 2632 
2681 1805 
2548 679 
2682 77 
1259 2771 
575 169 
2267 2772 
283 2771 
20 2770 
98 2676 
48 2676 
2021 2676 
850 2632 
2021 2032 
2763 2032 
2608 288 
850 2389 
2725 76 
726 2770 
2763 2772 
2397 2676 
238 2643 
2714 883 
2725 2676 
76 1025 
2215 2714 
299 76 
2671 2773 
