459 4617 
2811 304 
2811 304 
2811 304 
3736 890 
1361 2374 
1157 298 
3840 4178 
4281 1406 
4297 1049 
368 3113 
2714 883 
1805 4178 
4821 304 
4724 1129 
4643 2437 
3881 3584 
539 4822 
3781 3781 
2896 459 
458 304 
1738 4741 
519 1589 
3411 1406 
4451 2811 
1251 77 
3095 420 
3411 2811 
4104 4738 
2260 459 
4823 298 
1927 890 
71 1224 
4814 3087 
2411 4814 
4178 3087 
1541 4814 
4059 4738 
3823 2704 
4779 368 
4059 2374 
4814 2671 
1259 298 
4059 1355 
4824 4824 
1768 3415 
2658 2383 
4728 3336 
2785 304 
2763 4814 
1004 2844 
850 77 
4246 77 
3354 2704 
2599 3627 
3627 2172 
4732 4825 
2704 2704 
