18006 20070 
1962 20284 
29 20266 
724 4104 
1853 1853 
19900 1400 
5649 19906 
4902 19385 
5972 19385 
20295 173 
43 20284 
4902 13962 
14818 173 
1350 1963 
1738 19181 
14833 3086 
19566 19385 
2535 3086 
19818 656 
15988 20070 
19566 14709 
7407 13962 
410 410 
526 20296 
5093 20296 
7407 20296 
20243 13962 
1371 18561 
5493 5493 
14452 15295 
18938 4104 
4902 835 
20203 9528 
20297 5861 
20046 20046 
4952 11757 
5649 18496 
4902 656 
4902 20292 
8957 20251 
15346 18614 
4936 11309 
3159 19385 
410 2704 
4902 13081 
410 656 
20298 2704 
5305 13081 
