468 12260 
2714 12261 
12228 8223 
2996 10761 
11166 12262 
153 12263 
7078 9926 
5180 12204 
3320 5883 
3295 571 
2370 5745 
1224 1129 
346 2370 
11562 12264 
5972 8077 
9238 12264 
12265 10406 
567 4802 
1611 9479 
10853 12264 
12199 8077 
7804 12144 
9479 9479 
7804 10407 
995 10407 
11469 9479 
7389 12266 
2122 11645 
6358 428 
5418 12144 
4297 12267 
2319 1050 
638 6255 
5972 12159 
6904 1247 
8922 8922 
1760 12268 
844 10407 
3540 9479 
4397 12269 
4261 3036 
1247 12262 
9479 1352 
2397 12269 
3894 6057 
526 432 
6751 3036 
10994 12270 
4011 12271 
4011 12204 
5180 12204 
5518 8787 
12272 3036 
10537 12271 
111 5883 
118 118 
6824 12273 
