4902 118 
4902 17770 
1985 17771 
1343 13679 
10659 17772 
3592 17770 
10659 15486 
5093 16221 
12033 10426 
2714 15276 
10310 10426 
17773 13081 
17773 2704 
44 1767 
4902 17472 
188 12665 
3781 10426 
44 12385 
15481 850 
575 14201 
1300 11777 
14618 17688 
17294 17774 
17775 800 
12194 800 
17159 17776 
3394 17688 
5066 89 
9778 17517 
5489 5489 
13081 10426 
6380 17777 
4902 17778 
5493 17778 
6987 12597 
17703 17779 
1468 5493 
5518 17778 
2287 448 
1890 2599 
4769 17780 
17718 15604 
9992 6813 
5180 5958 
