1959 304 
34 2469 
153 1916 
2358 128 
2486 304 
287 884 
445 2487 
1236 945 
1784 1190 
27 77 
34 77 
546 2305 
77 2305 
2246 77 
38 1776 
884 2487 
399 77 
1 408 
575 2136 
1300 2216 
1761 184 
1343 726 
569 2383 
1408 2488 
2358 408 
966 408 
354 354 
1321 2305 
2256 408 
2319 76 
1780 2482 
1050 1190 
266 2383 
2489 408 
141 2305 
284 2490 
2136 2490 
539 2157 
2256 31 
1247 2157 
43 2491 
2094 429 
1050 799 
153 2157 
1099 2157 
2492 834 
174 2136 
1768 1727 
2493 429 
445 1941 
1903 2494 
31 2136 
1738 1959 
1768 2136 
1108 2494 
2228 1959 
726 2490 
1224 2495 
850 2496 
299 221 
459 2029 
