3320 3087 
3881 76 
278 5001 
3684 1046 
2411 5001 
5002 5003 
4251 5004 
20 2029 
4007 2029 
2711 278 
3095 3715 
476 3863 
476 4505 
5005 1115 
1386 9 
2548 5006 
4915 1361 
5007 656 
368 5006 
5008 76 
4005 4414 
1259 1911 
5009 3684 
3540 2512 
2021 5000 
3400 3684 
14 3684 
2397 9 
539 1911 
3928 901 
2535 4178 
5010 4891 
109 5006 
3770 4178 
4381 4446 
1939 3587 
2287 3587 
901 901 
4891 2923 
2535 2704 
4891 2704 
1890 1291 
2071 5011 
4891 4178 
4631 5011 
1632 4970 
44 4178 
4163 3684 
