4446 11063 
8948 11063 
6721 13550 
1769 6883 
4407 6883 
9028 1321 
1355 11329 
245 13551 
6721 13469 
13066 13428 
7804 13373 
4104 11329 
77 3684 
4221 13552 
4104 13550 
708 10354 
10659 13553 
4497 4973 
850 6501 
13320 10354 
2704 13554 
3295 13363 
10447 13551 
2446 13555 
77 13363 
1352 2704 
5180 13556 
10401 1790 
453 4631 
7078 1790 
13557 10216 
2811 13456 
13558 13379 
13320 13559 
8796 9248 
2758 569 
5478 13505 
6126 3247 
9715 9604 
2029 13560 
1521 13559 
4769 13379 
9959 10401 
315 3928 
4104 13561 
7804 9565 
13133 894 
616 1963 
6721 13428 
2758 3928 
