96 2704 
2535 2535 
315 16481 
315 12476 
5300 1985 
9430 17811 
7686 15496 
12157 17811 
1350 15184 
6457 6457 
2061 15815 
4924 20250 
2569 4003 
1957 16827 
2958 20431 
29 10283 
14308 15564 
3537 12448 
2447 6806 
11358 4643 
77 16384 
8276 16384 
5185 6806 
575 16384 
1379 20337 
3607 20235 
4692 13973 
10659 20442 
5491 12263 
4952 20442 
7982 17605 
20243 15564 
7274 20443 
724 7095 
656 7559 
1632 656 
1714 7559 
27 20444 
6997 18387 
27 5387 
4902 19992 
1632 7559 
19356 18387 
850 20250 
43 6806 
1805 19992 
8316 7559 
850 153 
1248 153 
6334 7559 
158 7559 
2957 6672 
1963 7559 
1632 656 
1379 20337 
20445 10233 
