7186 3734 
5185 8934 
16226 15697 
16312 16314 
4952 16315 
6370 12552 
1379 16316 
7440 8667 
4952 13386 
2714 13973 
5180 14399 
6370 11817 
1611 4458 
2714 16317 
6425 14736 
10561 278 
7804 4048 
158 16318 
42 10075 
16315 13386 
6358 14399 
16319 9745 
16320 5303 
9959 11817 
9692 16317 
16307 16307 
16270 16321 
3789 14399 
6599 13973 
15874 15874 
14618 16069 
1531 724 
96 16322 
16323 724 
656 9479 
1614 15490 
2216 14399 
3592 14399 
10667 14264 
16324 15276 
6721 4962 
16312 4962 
10537 4962 
15550 16235 
16325 16326 
3394 9231 
8458 15797 
16261 10561 
2704 16327 
13386 13386 
15460 724 
4952 1963 
