71 14644 
3222 14645 
29 4481 
44 14635 
3540 14126 
14631 14646 
13900 13921 
3540 14624 
4952 14305 
9005 1099 
1030 14647 
14282 14643 
945 14646 
877 14648 
14649 10667 
43 10236 
5972 14650 
14651 2370 
1247 14652 
14584 3736 
7062 7062 
14089 6987 
3320 1828 
11624 11624 
7008 405 
7407 6987 
2704 12999 
10659 14653 
6721 14597 
850 14382 
10537 6987 
4407 10220 
837 1828 
9639 452 
1614 11224 
14654 12404 
3394 1291 
995 11224 
1769 14320 
5972 11068 
2929 1890 
2481 2175 
1890 14655 
1005 4481 
14631 12404 
