5185 7085 
2827 7199 
7200 1323 
6599 7201 
3627 77 
1 248 
130 1641 
5298 7202 
7203 7122 
1352 77 
2599 3627 
2983 77 
388 1247 
5279 7191 
4477 6738 
3554 7204 
7205 2465 
7206 77 
7207 850 
2599 1323 
3577 77 
77 7208 
43 1323 
5180 7208 
3554 1959 
37 1323 
2717 800 
3095 1323 
7209 7210 
945 2281 
7186 7085 
5298 77 
7021 6645 
1664 7208 
2764 6645 
4407 1323 
6990 3627 
4643 1247 
1738 5726 
7206 1247 
4593 77 
995 1323 
1768 1247 
6551 850 
2714 7202 
111 6846 
1108 7202 
945 6846 
4902 1940 
4902 6645 
5640 346 
7211 7195 
5640 1343 
5192 97 
6358 6802 
4769 7212 
3320 749 
