1682 1828 
1836 894 
8660 12345 
10537 11068 
8633 12346 
4104 3094 
1522 1234 
8709 8709 
2397 14 
4593 8709 
1890 704 
138 11016 
1851 12347 
8819 11016 
18 12348 
6751 4458 
12130 12345 
12349 12349 
3086 6735 
2623 60 
1151 11016 
11359 7996 
2275 8014 
182 11803 
43 4458 
6987 2136 
8939 8939 
8184 9005 
4633 12350 
8178 9005 
12130 2136 
6645 9005 
2827 2351 
4261 2136 
1247 2136 
5518 6024 
12351 4633 
708 312 
7407 11803 
10482 5733 
12352 1247 
74 2136 
12054 3928 
837 704 
4631 9041 
8660 5733 
84 3928 
12199 771 
4104 2136 
4952 9394 
8660 9018 
3627 12353 
653 704 
9199 5733 
