3881 199 
8948 9281 
995 199 
1769 199 
9282 9283 
1355 199 
8948 9284 
4692 199 
9285 815 
43 3765 
567 4325 
1400 199 
1522 199 
43 4454 
4593 199 
6987 4325 
1951 9286 
1890 6235 
8515 199 
4643 3765 
9287 5047 
8660 6965 
285 9288 
1761 8738 
5635 199 
7078 8667 
1247 9289 
5635 199 
5180 199 
9238 8334 
5180 9290 
9291 199 
4972 9272 
4497 7743 
308 914 
945 7743 
8703 7868 
9292 3895 
8937 2909 
5180 2909 
9287 9293 
925 9289 
546 199 
47 7743 
2868 9294 
4593 7743 
2892 9290 
9295 9113 
9269 6303 
2764 8203 
5254 9290 
6126 9294 
4104 199 
