1850 15430 
14618 15431 
6510 8738 
15019 15432 
15433 15434 
4631 60 
1108 15305 
532 11559 
13069 2416 
4032 5556 
11462 13263 
1379 11559 
10486 921 
4769 15435 
15272 1836 
1309 656 
4261 15429 
2136 60 
43 4645 
1890 13478 
77 60 
6334 4118 
6510 4118 
5180 15243 
8098 4118 
12768 12768 
724 60 
2122 2967 
9747 724 
11038 5836 
7804 199 
182 15436 
182 11295 
2599 2764 
2510 15437 
14282 15438 
44 15380 
9715 15380 
10492 60 
4952 4312 
368 4312 
2481 13973 
15439 2704 
3986 15440 
6359 4593 
