11469 9371 
13356 13357 
1215 12461 
2275 13358 
1890 11329 
8454 13358 
12291 13354 
519 13359 
202 2576 
9764 7055 
44 2599 
1099 13360 
1234 26 
7078 13330 
2957 11688 
3425 3230 
759 3230 
1197 3230 
6316 13358 
13175 11688 
6721 3765 
13361 3095 
9692 13345 
3928 11666 
9778 453 
2474 11688 
12560 12560 
13314 95 
648 9071 
10537 13362 
4952 13065 
8392 13363 
3295 13364 
8415 13365 
13366 13367 
3765 3765 
3354 13345 
11008 3095 
11390 13365 
153 13368 
256 10033 
4593 13363 
6751 13365 
153 13065 
