1259 204 
1286 807 
43 1247 
1259 943 
44 1173 
726 428 
368 428 
672 1288 
124 77 
1288 1298 
44 204 
724 1173 
1259 1298 
26 204 
394 1134 
188 27 
110 1134 
74 77 
74 77 
101 4 
400 1288 
182 418 
503 1288 
1050 418 
86 1288 
26 1288 
726 1247 
86 1036 
726 1036 
134 1298 
121 1247 
224 1036 
97 1036 
31 1288 
31 26 
27 204 
98 1164 
31 458 
459 1036 
1270 75 
850 1170 
768 26 
1270 1170 
1280 137 
34 877 
1259 1299 
245 26 
1300 122 
412 1173 
900 877 
442 122 
1300 264 
822 1288 
616 169 
110 1301 
1302 201 
368 1291 
406 1288 
406 1288 
1050 110 
1303 347 
346 768 
459 1304 
300 110 
815 1247 
26 768 
1305 24 
1190 768 
609 768 
459 78 
20 458 
298 1288 
121 1170 
1298 1304 
26 1288 
