10627 12480 
3034 8650 
10537 15980 
14618 9877 
2287 11817 
8909 15981 
9238 15982 
84 14806 
1682 4866 
410 2948 
759 15983 
15550 15957 
4902 15957 
7804 15980 
10085 15984 
111 9959 
15976 15925 
1307 15985 
1611 15986 
14308 1582 
13862 15987 
14282 1582 
14175 15987 
3320 9959 
10277 15988 
10216 15987 
8904 15989 
2158 15957 
12831 14683 
8232 15987 
1762 15990 
15550 5883 
4593 8014 
14584 10968 
6126 15982 
1767 5883 
1995 6997 
8660 6669 
10627 10216 
6987 15987 
15991 11817 
14307 14307 
14618 13987 
3320 15992 
14584 15982 
12791 15993 
