850 1803 
1522 4200 
43 278 
115 2136 
1050 4795 
616 5467 
4902 2319 
3540 4902 
5468 453 
5469 5204 
5052 453 
4902 5374 
2896 453 
2896 4902 
5254 726 
850 5289 
1611 5289 
4902 2136 
834 4902 
3519 5330 
2711 2711 
77 4902 
2073 2136 
569 3149 
5470 1045 
2963 2958 
4 5168 
5471 453 
2164 453 
5472 726 
4902 5473 
42 5473 
4902 957 
995 5474 
4005 5374 
3484 5475 
1400 5289 
5476 726 
4470 5475 
3425 5475 
5390 4902 
2481 5475 
5251 1847 
2136 5047 
5276 5477 
4470 4795 
572 4304 
4470 726 
5185 1234 
850 4470 
2868 1522 
2542 5474 
372 5473 
138 2618 
