15 656 
698 699 
700 656 
197 140 
401 401 
44 27 
539 701 
43 273 
675 26 
121 688 
287 699 
182 688 
702 134 
15 688 
123 703 
517 704 
43 704 
517 703 
15 699 
43 457 
539 572 
454 704 
453 140 
389 704 
43 539 
346 484 
1 4 
76 81 
57 81 
77 611 
27 457 
129 457 
95 27 
475 475 
517 705 
238 703 
590 572 
517 81 
616 706 
238 487 
400 27 
140 81 
616 707 
134 572 
15 707 
708 81 
708 707 
709 37 
708 75 
304 710 
304 710 
708 26 
711 34 
34 34 
712 115 
421 616 
517 402 
66 572 
304 710 
14 238 
121 27 
711 408 
711 34 
713 347 
711 501 
114 77 
714 110 
5 715 
50 151 
716 715 
459 656 
140 656 
173 715 
365 715 
365 717 
114 487 
140 715 
123 486 
245 26 
153 710 
20 716 
193 486 
43 81 
43 486 
500 717 
653 78 
287 406 
70 77 
459 77 
287 716 
304 710 
304 710 
285 43 
304 716 
95 656 
304 716 
1 717 
81 718 
394 715 
15 710 
