1227 704 
2030 2030 
1288 710 
123 134 
539 1876 
199 224 
2031 1170 
1541 1790 
1525 1633 
995 2032 
1541 612 
1890 1790 
123 945 
1542 945 
1738 1525 
995 995 
995 1683 
2021 1683 
2033 612 
476 1525 
1352 2034 
918 2034 
1400 616 
1978 656 
236 1525 
575 708 
569 569 
1542 1876 
869 1373 
121 1978 
89 679 
808 679 
1727 539 
195 679 
1696 1055 
1717 679 
204 679 
327 569 
1935 708 
193 679 
1851 1055 
368 2035 
34 2035 
43 1961 
1400 1373 
1108 2036 
1598 679 
837 679 
1400 679 
726 2035 
508 1055 
726 1578 
2037 679 
1134 1978 
1134 2038 
43 2038 
44 1578 
48 1578 
453 2039 
1030 34 
616 34 
698 34 
34 2038 
8 2038 
1805 638 
44 1323 
947 2040 
1670 2041 
2042 1959 
687 1899 
445 839 
20 34 
140 679 
1947 1961 
2043 1525 
734 2038 
1352 2044 
43 1961 
526 638 
850 509 
2019 2019 
43 2044 
238 1770 
2021 995 
2045 945 
1738 2040 
2046 1959 
335 2047 
776 1055 
412 2039 
153 539 
194 34 
687 1761 
1618 257 
1890 2047 
1805 394 
