613 459 
27 77 
15 77 
150 681 
43 43 
684 684 
15 475 
684 682 
44 683 
104 475 
517 26 
27 251 
686 681 
44 251 
61 475 
81 683 
517 644 
26 644 
47 475 
453 475 
65 475 
667 304 
44 140 
26 110 
517 110 
129 98 
687 110 
121 110 
121 648 
492 304 
182 688 
446 406 
559 682 
43 689 
26 251 
333 251 
402 332 
453 648 
224 121 
34 110 
133 80 
505 347 
690 656 
8 27 
691 347 
43 193 
564 487 
692 80 
634 199 
392 199 
453 199 
121 27 
693 199 
575 193 
694 332 
20 199 
57 199 
20 475 
158 475 
281 80 
50 682 
695 696 
400 37 
400 251 
285 616 
697 332 
