1309 5136 
12032 12105 
2714 12106 
12107 3849 
526 12105 
727 1350 
2714 12105 
12037 11760 
1350 12054 
12108 1170 
7804 3881 
5499 3201 
7804 12109 
11309 7733 
1890 3201 
1682 12110 
4972 97 
12032 12032 
74 1228 
2548 3201 
12107 1551 
12107 1847 
12107 583 
7804 7610 
1343 11953 
312 8739 
12107 616 
9292 11760 
7359 285 
12111 895 
12111 895 
7804 12112 
9692 895 
5493 11061 
572 10782 
9819 12113 
6501 6501 
7407 11061 
10341 10297 
12065 9033 
4952 11545 
12036 7610 
9819 4873 
10341 3607 
9764 7751 
153 11545 
1449 6757 
1851 10782 
12114 12114 
6286 10341 
2481 12114 
4952 12115 
