2049 5574 
572 5605 
4297 5605 
4011 5606 
3239 4958 
1452 5603 
1738 5148 
1522 734 
153 5607 
44 734 
1730 5608 
188 5608 
616 915 
1768 5605 
616 4568 
2356 5214 
5609 5124 
4902 3087 
4902 84 
71 84 
616 71 
600 5610 
3553 71 
5611 5612 
3553 2234 
679 4962 
2551 4962 
5613 599 
5614 599 
5005 4962 
188 2256 
4281 960 
4902 124 
5365 197 
945 2281 
2090 5610 
3928 124 
5615 4962 
1760 4962 
5616 3308 
4510 5607 
656 4962 
656 2704 
1611 5617 
908 5617 
1170 3186 
1509 2281 
204 4962 
5618 1582 
656 3186 
5619 5600 
5620 3186 
945 945 
572 945 
4200 5424 
2717 2704 
43 1582 
894 4962 
15 3852 
