1248 2143 
3100 501 
595 501 
2725 2995 
2077 3093 
3083 2143 
1377 501 
1343 3101 
312 501 
2760 2995 
256 501 
1259 501 
1899 501 
808 3093 
3102 1173 
2153 405 
1004 405 
526 405 
1541 405 
3103 1243 
44 821 
3104 439 
2029 3105 
2411 1356 
2392 405 
3086 1749 
3086 1046 
1738 1173 
2411 439 
1055 1173 
1784 405 
442 405 
2392 821 
1951 1749 
3034 1316 
3000 368 
1270 1525 
2392 3101 
2714 3105 
1259 3094 
2029 1619 
2392 1163 
2214 3101 
3106 98 
1270 2727 
84 2727 
1236 64 
1768 834 
570 347 
2021 3107 
412 3108 
1760 2817 
2548 3105 
1069 1835 
968 3093 
679 2875 
315 2154 
284 2817 
2021 3109 
3092 3110 
1951 1050 
368 2154 
2548 757 
2612 1173 
2763 3111 
2608 20 
442 3112 
2963 2154 
2704 3112 
412 2154 
173 3112 
2411 3113 
850 2875 
1890 1760 
687 2479 
1638 1323 
837 3006 
43 2875 
109 2154 
1044 3111 
2964 3114 
188 808 
2393 3115 
1111 3116 
188 3117 
537 2473 
128 539 
44 3108 
925 1835 
