2021 2789 
834 2676 
850 570 
2725 2676 
708 2676 
2535 599 
1768 2425 
517 570 
1836 77 
356 304 
1759 656 
1197 570 
1522 2789 
2411 408 
1400 2598 
1522 2598 
1259 2676 
15 1279 
2588 1062 
2790 2562 
15 724 
708 2790 
182 656 
2785 2157 
15 2790 
1099 77 
1099 77 
1099 77 
2714 2783 
784 1890 
1805 2791 
346 1239 
1030 1239 
2792 2425 
1611 1963 
44 1963 
194 34 
1400 1963 
2494 453 
2793 609 
759 98 
2283 2790 
2588 1963 
278 2783 
2021 1963 
2652 1611 
1572 2727 
1598 459 
47 459 
2763 2479 
459 2479 
47 2479 
1704 570 
709 2794 
1688 2157 
2763 2526 
2785 519 
44 2795 
945 459 
157 1143 
709 1143 
43 1143 
