8461 7202 
1247 8460 
6126 3950 
3627 8460 
8431 7634 
6548 6034 
8462 8463 
4902 2550 
567 4633 
4902 8464 
7246 5047 
6359 8464 
8465 6034 
5059 5059 
6193 405 
5972 2550 
4902 4958 
5283 3863 
4902 8466 
8467 5151 
1108 2550 
8052 8460 
238 1761 
8468 1890 
88 6034 
4011 8453 
453 2550 
8469 8463 
7804 6034 
8469 2285 
7804 7185 
7313 6700 
5972 8408 
2588 8463 
3330 4159 
1855 4221 
1521 6360 
1247 629 
3906 405 
3906 8470 
5518 4221 
850 2811 
5941 8471 
1762 8460 
6009 8472 
6126 8472 
3320 4065 
3051 8472 
