6126 12964 
12218 10828 
8676 4795 
1995 12489 
6721 406 
12741 406 
4297 9159 
10627 10216 
12664 2704 
12485 914 
7202 12696 
5471 406 
4896 12108 
1036 12108 
4072 406 
7898 7898 
459 12977 
11688 11688 
11688 11688 
3881 11688 
11688 11688 
8303 11688 
8303 11688 
2429 12585 
12978 12979 
12975 12975 
11881 11688 
4407 12980 
12036 11688 
4633 10216 
2388 6443 
406 8667 
11469 12979 
850 759 
6721 12981 
12737 11688 
1352 530 
10659 12982 
5518 9639 
10842 11688 
7898 11688 
1247 11688 
11859 3101 
1922 8750 
4104 12980 
194 12982 
2090 12983 
3247 11688 
11573 2673 
4952 8683 
256 8683 
4934 11688 
5518 8667 
995 4104 
9238 11431 
6751 12979 
12316 4743 
