2640 9439 
74 97 
74 238 
2704 9547 
2481 2704 
8251 9342 
9287 60 
1256 2383 
9548 2704 
8872 9547 
4497 9492 
6987 2811 
3095 2811 
9549 8330 
6241 1247 
388 74 
2704 9550 
9551 284 
7579 9550 
567 3333 
2871 9552 
238 1247 
3986 9550 
4902 9550 
2077 34 
6332 6091 
9066 9246 
202 9553 
5093 9550 
4754 1582 
3540 3540 
171 78 
9554 9316 
2252 532 
656 2049 
1247 9342 
8674 9555 
9556 2049 
5612 7029 
537 4795 
9316 9316 
1050 537 
5298 9276 
171 8448 
153 9276 
9557 4454 
4755 9276 
9558 1323 
8660 8378 
3120 6457 
43 78 
150 3243 
4936 4738 
9487 4847 
9479 9559 
9560 9559 
6161 2892 
5910 9561 
