6193 609 
567 1791 
2599 2704 
3034 6753 
4363 6981 
5279 1762 
1995 1791 
1379 4363 
171 73 
47 73 
4593 6056 
3147 5697 
3627 5087 
1050 6204 
6965 1963 
726 6241 
2758 6577 
6965 1963 
726 278 
234 73 
42 42 
2599 278 
850 278 
1452 278 
5894 278 
6982 6983 
6443 278 
47 77 
2760 278 
6984 6965 
3034 278 
2811 6985 
2599 278 
1718 6983 
6510 256 
6986 1791 
1350 278 
575 6056 
2704 278 
4072 6056 
1050 3024 
6987 2087 
6474 278 
6987 2450 
1760 278 
1760 3189 
6987 6988 
6987 943 
4072 278 
6955 2845 
539 6989 
6979 6979 
410 278 
3540 5834 
6990 5481 
2758 77 
2758 1762 
2758 90 
44 1939 
453 6974 
6073 6241 
138 2450 
4297 6196 
278 537 
2481 6241 
4011 6991 
6241 278 
6241 278 
6241 278 
6241 278 
6444 6056 
6241 278 
5518 2136 
4233 572 
6599 1236 
850 2136 
5972 6992 
835 2845 
4104 6989 
