386 76 
5005 1670 
2785 4779 
2164 2164 
5838 47 
2535 5839 
3627 2535 
224 2136 
3627 2856 
98 2136 
1867 2136 
2879 5424 
44 5819 
4297 101 
1947 5837 
442 4814 
5481 3736 
567 5733 
476 2806 
2136 101 
4631 101 
98 5840 
1509 101 
2892 76 
453 3627 
4297 2136 
4123 5839 
4643 5840 
3847 47 
5841 3051 
368 3736 
2714 5773 
2049 1895 
1521 1895 
1379 5842 
5843 935 
138 284 
1247 2136 
3847 5844 
42 2468 
244 1895 
188 821 
2811 1670 
3540 5845 
4214 3372 
4682 4119 
2429 4902 
5846 1580 
5847 3024 
5846 4645 
4613 5804 
4005 5836 
74 2447 
1050 5845 
2548 1890 
4814 4795 
4589 4589 
759 5652 
3928 5848 
5306 4314 
5732 2875 
5612 5424 
5849 599 
346 5850 
4886 3484 
4589 4589 
1753 1749 
3201 5047 
916 5424 
2143 5732 
5518 1580 
1780 1749 
2964 124 
997 5851 
193 5850 
1890 1749 
1142 656 
5042 1170 
