1350 1 
1343 1350 
2714 1050 
2853 2175 
1542 2157 
2637 726 
1542 1350 
2870 2849 
2725 1350 
517 1350 
1400 726 
2029 726 
935 2566 
1400 2157 
504 1350 
1928 726 
2871 104 
681 1350 
2277 2821 
679 1350 
1293 2535 
2871 898 
1611 2872 
173 300 
265 1350 
2214 1350 
442 1350 
2029 34 
759 34 
1300 726 
1259 2562 
728 1350 
945 2562 
98 2873 
2638 300 
2874 2235 
575 613 
1611 2157 
2548 726 
2548 1350 
570 1273 
2305 1350 
459 2157 
850 1032 
459 1350 
1381 408 
133 613 
2351 2562 
133 34 
2214 1959 
1047 2873 
234 77 
1760 1350 
1309 1350 
2875 1350 
20 1247 
2548 2562 
140 1350 
2216 2157 
2868 1741 
2029 1247 
1099 1350 
1050 2450 
1248 2875 
278 1350 
2704 2251 
459 2450 
2032 2450 
1236 439 
2875 278 
2763 2876 
408 439 
2392 439 
1582 1350 
2580 1247 
2877 2855 
850 2876 
1522 2157 
2393 2878 
1851 2708 
1738 439 
337 2708 
770 681 
2763 1836 
204 298 
1851 298 
2879 1857 
750 1350 
2021 2880 
