3320 12834 
3607 12030 
372 12835 
2029 12836 
537 12789 
12837 1170 
4297 12834 
4593 6614 
4755 8877 
12838 2704 
1138 12253 
1601 6614 
10537 12839 
12840 11573 
5185 12841 
575 220 
12831 7234 
1350 12842 
5375 3765 
4072 12843 
2963 3765 
2853 3358 
12844 5182 
12845 7234 
526 12835 
1197 12030 
5476 12836 
1352 11390 
837 12630 
10659 220 
9041 3358 
12846 12775 
12846 12775 
12838 9207 
5452 12847 
2892 12775 
2550 12161 
10186 4545 
12317 7431 
12848 11427 
10659 12849 
2704 11688 
3320 12484 
9510 6650 
3354 11427 
3320 12484 
4251 12484 
850 12850 
10659 10659 
1247 6650 
572 10782 
12851 8749 
7804 12852 
