2187 3208 
77 2214 
43 1045 
2935 1551 
2633 2236 
473 3196 
1377 1377 
1078 960 
870 2576 
3086 2935 
1638 3220 
1963 2935 
2411 2935 
1300 3221 
3222 2981 
256 234 
3215 251 
1940 3223 
575 1046 
2446 2935 
850 2935 
3224 679 
1364 2214 
3225 935 
1890 15 
14 234 
2033 408 
2935 679 
681 2576 
1611 408 
2446 408 
2982 234 
679 2935 
44 1190 
1350 850 
2963 569 
3226 2214 
3221 2828 
3108 2214 
1350 1323 
1453 1941 
504 2214 
3227 3228 
3229 850 
2976 1350 
2976 2935 
3230 3170 
3000 3089 
1309 3170 
2049 3170 
502 3170 
3231 234 
2714 2935 
2957 3223 
1760 2267 
656 3170 
679 3170 
1005 2935 
2917 3109 
1300 2704 
2045 2704 
1738 3170 
537 3170 
850 3231 
750 987 
504 3170 
44 3170 
2976 2935 
2365 3089 
3232 2629 
2092 987 
2073 2214 
2286 15 
2450 1588 
2976 2214 
504 1588 
