4108 1050 
2351 4069 
43 3881 
133 3684 
504 679 
1328 4104 
834 3684 
4049 2207 
1995 315 
2853 883 
1030 1835 
1790 4042 
596 3387 
77 679 
77 679 
2763 1291 
2619 1247 
2760 3957 
473 3957 
452 1678 
1006 679 
452 1678 
248 1291 
4109 3479 
1006 679 
2281 1656 
3953 883 
81 4110 
153 4110 
3095 2216 
4111 679 
3285 1656 
3842 3387 
4005 3387 
3781 883 
3453 679 
1108 2576 
3248 679 
3364 679 
1216 4092 
1664 679 
4005 2216 
3247 2576 
3425 3285 
4112 1806 
3247 4113 
2548 4113 
3248 4113 
1442 1118 
3881 1611 
3804 4113 
1247 3285 
1092 3710 
4114 968 
238 1291 
4007 1376 
3881 4115 
3542 3425 
4114 94 
1641 1678 
1521 1291 
1108 1611 
4114 78 
3840 1611 
2422 679 
2811 679 
2704 2704 
368 1611 
1521 3285 
950 679 
4116 1611 
3823 2760 
43 2760 
4117 759 
8 2760 
1036 679 
995 4118 
2963 679 
2006 679 
1050 3425 
2481 2711 
2481 1611 
4005 2760 
3719 2760 
3881 4119 
2416 4119 
70 1957 
