1890 15985 
7708 14627 
4261 11265 
16037 3497 
15321 15467 
15933 15933 
11963 10216 
9764 16038 
9764 16031 
2651 16028 
16039 7791 
16040 295 
77 11599 
43 11599 
382 382 
2187 12742 
1300 3497 
5093 16041 
15682 16042 
16043 567 
3320 5883 
1378 16042 
1805 11265 
759 759 
13615 13615 
77 15439 
15195 1767 
4269 16044 
2599 2599 
10855 16036 
10855 9256 
10855 6710 
3781 13045 
1995 16045 
837 16046 
3781 8172 
4397 16047 
16048 877 
9959 16046 
15682 16049 
3239 16042 
14782 11266 
4059 13199 
14264 14088 
14976 16050 
14782 835 
1300 16051 
8014 8014 
4769 12906 
14282 16051 
8819 14399 
