122 1978 
1805 1971 
153 1971 
1352 548 
726 1971 
1352 2085 
1890 2066 
81 1971 
1951 2086 
233 1656 
506 1656 
564 1656 
2087 1971 
2088 1656 
605 1656 
1378 1099 
27 2089 
1784 2085 
1542 1099 
2090 548 
2021 1099 
1790 135 
609 2091 
1030 1791 
335 2089 
2092 2066 
2092 2066 
217 1959 
850 1641 
2093 1641 
1236 459 
1236 459 
124 1656 
1236 1134 
1843 298 
2029 569 
1805 2087 
1248 1323 
245 298 
89 248 
734 391 
327 391 
2094 512 
130 248 
1943 1926 
734 1723 
20 1139 
1257 2095 
687 1418 
238 1139 
173 2096 
1977 2096 
400 1723 
98 1139 
459 1418 
174 298 
1321 2097 
1522 1591 
850 1591 
1522 1753 
2098 2097 
2098 1723 
1445 1723 
1352 2097 
850 1418 
1727 1843 
1377 1723 
1180 248 
298 1723 
726 287 
193 2099 
