8904 1634 
10853 15397 
15693 1291 
15691 15694 
11710 12385 
8276 1890 
724 12263 
8819 15695 
14125 14125 
14125 14125 
14125 14125 
8796 15608 
7804 14950 
15550 15696 
7804 15697 
3928 15698 
10659 12263 
877 15683 
759 4481 
13862 11182 
15550 2270 
7617 11182 
3540 1452 
5972 15699 
638 771 
1598 15696 
4972 4481 
15685 11383 
877 15700 
5421 771 
11938 15701 
1343 12385 
1270 12791 
14618 15701 
15682 12559 
7885 15276 
835 15702 
2534 202 
3426 15703 
6480 6316 
526 771 
850 3230 
15682 6897 
9992 15704 
6543 14474 
