7078 5408 
431 6187 
5412 9070 
5712 6187 
1805 9250 
199 110 
4834 1762 
6009 110 
6126 7234 
9250 1805 
7759 3189 
4167 9251 
1890 447 
9252 6784 
9051 1762 
2429 6831 
4025 3881 
616 9240 
9066 6784 
2163 6784 
5047 5047 
3095 9253 
3095 8854 
8796 4856 
4407 8854 
5712 6443 
4072 9254 
5282 9255 
6510 9256 
750 447 
567 9257 
8819 6056 
1503 6918 
9228 9221 
819 9221 
6987 9258 
4972 4834 
2351 6831 
4692 9259 
9260 1335 
7024 7024 
546 567 
1247 9159 
537 4458 
5612 8854 
2879 567 
9199 9199 
9261 9262 
2704 2704 
9261 1991 
8660 9255 
7078 312 
3415 2963 
3881 3881 
1762 9113 
1762 5408 
2481 9159 
572 8697 
62 9263 
