4072 4633 
6435 3117 
6359 4902 
903 6436 
6359 530 
4291 4633 
4756 6437 
562 4902 
3881 3117 
504 3117 
1377 5418 
1115 5418 
6358 3881 
3117 5452 
6358 3881 
293 84 
1379 6438 
656 6438 
2599 6438 
2090 6438 
3643 6438 
3781 530 
6439 5452 
4263 505 
156 2535 
1259 6440 
5497 530 
995 4845 
3364 2535 
5356 4593 
1121 278 
2122 6438 
6203 505 
4297 2281 
44 6242 
6441 1522 
4297 2281 
1995 193 
835 2570 
3117 1961 
5545 505 
3540 2704 
4940 5418 
3117 1835 
3117 1835 
1991 4593 
6316 5418 
234 656 
4845 6442 
2550 6438 
1550 6443 
6444 835 
6359 5127 
1350 1115 
6334 2075 
459 5968 
134 5968 
6359 158 
3364 837 
3093 6404 
3364 837 
3364 837 
3364 837 
43 2075 
3364 837 
43 837 
43 837 
91 837 
6445 710 
653 837 
2458 2281 
2088 5968 
5418 837 
2905 5418 
4363 5418 
