3159 19324 
9041 21152 
1522 21153 
21016 4677 
21154 21152 
14142 21152 
1738 21155 
21156 20962 
546 4458 
1352 19324 
2996 21152 
4952 237 
14341 21152 
182 21152 
4902 2704 
8676 2704 
850 3807 
15322 3807 
19617 609 
2535 1893 
19617 4847 
3540 19123 
15019 21152 
5180 1893 
19617 4692 
5905 21157 
15322 3807 
10659 21152 
9344 4009 
6510 15322 
1350 21152 
21158 18614 
162 162 
18346 2712 
2535 18450 
1985 19362 
4902 18450 
18187 21159 
14089 12385 
1522 2704 
18307 3333 
16179 21159 
4952 2704 
