6126 2704 
5318 6160 
3540 4962 
256 442 
300 4962 
2704 6162 
27 1291 
194 1291 
5452 1291 
6154 4992 
6130 3201 
553 808 
4363 4417 
2811 4417 
6163 6163 
76 2856 
27 101 
224 2246 
5719 4934 
1790 368 
138 4934 
1224 4934 
6114 2856 
4877 726 
1611 4058 
295 442 
3881 726 
2397 295 
439 1291 
1452 6164 
4593 2856 
1352 6164 
1234 4835 
1452 6165 
6166 47 
5518 4687 
453 6056 
2255 4593 
2255 6167 
2856 4593 
1670 3835 
2856 6167 
3881 168 
4902 726 
6137 6137 
3986 6168 
4769 6137 
1378 4934 
34 5502 
2856 3928 
