4643 1439 
2714 4759 
1851 315 
4771 4772 
3320 3977 
3798 3977 
2187 60 
995 1408 
1738 4773 
114 27 
1768 1247 
332 2811 
4297 1247 
4774 4261 
284 4261 
2963 3977 
4771 1355 
4775 408 
2315 3281 
459 3281 
1855 3095 
1310 3364 
1951 4505 
768 4772 
4297 78 
1259 78 
2412 2412 
2640 1578 
4269 3036 
2187 4776 
726 4072 
945 4738 
308 4261 
4763 4777 
4297 4778 
4763 3364 
1769 4777 
732 4763 
2383 1271 
1190 78 
575 1356 
575 4773 
3881 78 
2934 2327 
2053 4773 
3425 4261 
4297 2327 
4779 1439 
2905 78 
844 4778 
1050 1805 
4732 2327 
3320 3688 
368 3113 
1738 1170 
4643 300 
3425 4753 
2061 4753 
174 3577 
3104 78 
4772 4772 
4738 1749 
4206 1805 
4780 1408 
1247 1139 
138 1139 
