4902 5343 
1259 5344 
3095 4073 
1851 5344 
4891 883 
3540 5345 
2811 5343 
3320 4648 
5346 459 
5289 5345 
5347 77 
2679 5345 
1343 5180 
2094 4744 
456 77 
4477 4648 
4123 77 
15 4163 
1452 5345 
1452 5347 
5348 4246 
188 2201 
3986 4360 
2588 4795 
1 5349 
3519 3627 
4220 5349 
726 5349 
3736 5349 
1759 1070 
188 968 
1611 4962 
3963 482 
1371 968 
5350 1096 
4182 4214 
1259 4214 
5319 77 
2090 4246 
5193 4246 
5192 4214 
1247 4214 
3394 4613 
835 835 
2411 2157 
2275 5180 
1465 1 
5192 3527 
140 2554 
4477 3527 
5087 1070 
1867 75 
4355 2201 
5193 2275 
2566 2275 
5351 278 
4744 4744 
2763 5352 
47 4214 
2215 97 
4073 679 
4625 5349 
901 2355 
2681 4962 
5087 5353 
1738 5349 
2187 5353 
2997 2393 
