2905 27 
2893 3359 
1890 3294 
1960 1805 
2868 616 
687 1805 
2359 537 
2373 3361 
182 2331 
3331 2633 
819 3340 
2982 1805 
188 34 
2811 3356 
2982 2469 
43 3340 
426 2633 
3362 2331 
2868 537 
726 1818 
2566 3363 
1461 2252 
3364 3148 
3327 3365 
3147 1640 
1343 608 
1006 31 
2982 569 
3366 2979 
732 2252 
571 31 
3367 104 
2359 537 
2481 569 
2548 2976 
1434 347 
1259 234 
3276 3316 
34 368 
445 1580 
3368 2968 
2548 3316 
3369 3128 
1135 1580 
3369 1248 
3369 295 
3100 1640 
1262 3316 
1050 3316 
2267 3316 
2763 3276 
3370 1115 
2267 34 
2934 3355 
2267 156 
679 1580 
173 3316 
708 3316 
2704 346 
3320 3316 
3369 278 
2704 9 
3371 2612 
2615 408 
356 3372 
2868 2633 
1251 3372 
3086 3373 
2711 3369 
382 1115 
194 1738 
2763 3372 
2638 3373 
2032 3316 
3331 3373 
2392 408 
43 156 
118 118 
1248 3369 
2704 453 
690 1124 
1890 3292 
2548 3292 
