14125 14125 
14125 14125 
6987 16338 
9470 13999 
3712 14928 
15732 8330 
16339 8120 
1378 16340 
1138 4049 
1890 9959 
3425 3425 
850 6672 
4297 6629 
15865 16179 
2481 14928 
2974 11734 
6334 16341 
12157 14928 
16342 14928 
15516 16343 
6334 16340 
2704 14928 
16344 1582 
15732 16345 
2717 2704 
850 3607 
84 48 
7833 14813 
4692 4962 
9764 6646 
15195 3285 
74 74 
16333 16346 
4924 9510 
16043 15937 
7407 16188 
13317 15697 
16346 16346 
16347 2102 
15516 16348 
4769 10829 
14088 4312 
16349 16234 
