453 11334 
389 1355 
7804 4990 
10350 11332 
453 11319 
10659 11334 
1355 968 
4643 8449 
5192 968 
7804 11330 
2481 2175 
3607 2175 
835 7486 
10659 7486 
9479 7486 
4446 4446 
11038 2599 
8676 11330 
2892 7898 
4497 11332 
10659 9736 
8184 10667 
9819 9375 
2905 9375 
3018 2704 
7078 9375 
11192 9375 
1197 2704 
5365 1190 
11335 11336 
901 3271 
1513 11337 
2550 11319 
4167 935 
11038 1989 
6359 118 
8588 8588 
8494 11338 
2190 6237 
1355 8806 
10659 11339 
194 11336 
3575 11340 
2714 11339 
3018 11330 
