837 1291 
1951 4076 
2351 3997 
2481 3607 
850 3425 
2481 3425 
3627 1753 
1009 973 
726 3387 
883 4077 
3881 80 
3643 2714 
2760 4077 
74 1247 
153 4078 
725 3387 
2548 368 
237 1013 
2021 3387 
1611 2260 
3648 4078 
3823 4067 
1611 4079 
1236 2374 
43 2260 
1050 3285 
3230 4080 
459 3285 
1589 4081 
1108 4082 
3516 4077 
3364 4082 
293 3863 
453 4082 
3364 3230 
293 3863 
293 3863 
575 1753 
4083 3332 
1963 3285 
224 29 
3247 4082 
3881 3863 
3881 3863 
1522 459 
2714 3863 
1378 293 
4084 4085 
3960 3759 
3770 4086 
114 114 
2043 3863 
3276 3332 
3022 4085 
452 3853 
3239 4049 
312 2136 
453 3863 
4087 2136 
4087 2704 
3881 4049 
1730 856 
2714 2801 
2351 4054 
1236 3863 
368 3863 
3247 3863 
2481 4088 
2711 4088 
1769 2711 
1377 1761 
2215 4089 
4090 34 
3853 3853 
2351 4089 
2481 1170 
2664 3863 
1236 598 
