4128 11757 
10537 4962 
15038 15039 
357 10918 
14089 4962 
1248 11181 
1291 14527 
77 14142 
11197 15040 
1961 14142 
43 4048 
616 14142 
14768 15041 
10277 38 
6721 10112 
8821 4516 
4902 15042 
837 11836 
894 14142 
77 10112 
8 14142 
759 14142 
77 4962 
504 14142 
15043 5279 
9610 9610 
2963 4982 
5086 150 
5185 5616 
29 97 
7407 7898 
9906 6443 
12985 14373 
77 150 
13862 8232 
4952 15044 
575 15045 
15046 14373 
15047 10805 
3415 3529 
7251 14109 
13298 166 
111 15039 
3320 15048 
15049 15042 
11127 14896 
3330 11796 
6987 3928 
14938 15050 
10855 10855 
