4692 6813 
368 20387 
2187 6813 
16827 14452 
18850 17312 
20388 17573 
15219 20389 
13934 20386 
3928 18614 
18155 10396 
9510 9510 
20390 8818 
2704 20391 
6316 20243 
7407 20288 
20243 20243 
727 2801 
7804 6806 
850 727 
43 6987 
20392 20393 
2029 2029 
6666 20394 
6322 19385 
4924 20250 
3230 20250 
6367 20350 
20011 19372 
3881 656 
14818 727 
439 16767 
10537 19972 
3928 20395 
13837 20396 
3003 656 
724 7095 
9295 20397 
3670 20398 
19700 18935 
4631 8142 
7686 19483 
7804 8142 
4134 14940 
13934 11890 
18868 14344 
