1890 679 
539 1170 
2048 1897 
1099 679 
1890 77 
1658 679 
2049 1961 
870 995 
27 34 
281 1323 
368 653 
616 1356 
44 1356 
850 1992 
1951 34 
692 679 
153 1582 
1972 1582 
1951 1356 
256 1525 
27 653 
1760 1582 
1943 653 
1050 1878 
31 1878 
153 1878 
31 667 
1522 1878 
2050 450 
1522 537 
431 1582 
782 450 
1611 995 
224 569 
708 679 
1611 1878 
822 2047 
837 27 
995 1878 
43 31 
907 31 
834 31 
564 475 
1318 679 
158 475 
77 1582 
900 679 
1489 537 
1541 808 
1768 1699 
44 34 
1784 1050 
1050 2051 
1199 34 
1352 2051 
1047 2051 
257 2051 
1670 1670 
408 408 
1762 373 
408 2051 
199 2052 
1521 1050 
1521 34 
199 2051 
199 34 
1749 1749 
2053 77 
1890 233 
2054 710 
1223 1099 
43 1099 
995 2053 
1489 1978 
