726 10627 
575 10627 
2481 13725 
13386 13067 
13479 13726 
1495 9855 
5950 13726 
13723 13723 
1191 569 
5092 785 
2632 13727 
111 7735 
158 7886 
9797 7735 
44 1190 
837 9236 
10865 2136 
5375 10627 
1761 13320 
7021 3087 
1108 11279 
109 13320 
4643 12954 
2856 9764 
7202 65 
13728 13729 
1951 8948 
5518 7202 
4732 13730 
1762 10424 
11984 10353 
1601 5493 
2094 6669 
9236 9236 
13675 13720 
13598 140 
4751 5493 
13731 13732 
546 10353 
2094 12665 
11637 1041 
10521 11542 
2481 65 
224 34 
2764 7078 
3928 13733 
