835 12475 
8660 12476 
9510 12474 
6126 12477 
138 1247 
84 11914 
44 4633 
12478 12479 
11038 11914 
11038 6405 
11038 3525 
1890 12480 
4633 12480 
6683 12479 
12194 12026 
6987 12481 
6683 431 
724 11967 
9238 12482 
2275 12361 
12413 11914 
6126 6405 
12483 4633 
4297 12467 
4297 12484 
681 9479 
3953 9479 
12485 12290 
1247 5006 
850 6316 
4902 10236 
4769 12485 
4391 12032 
4972 8449 
2576 4795 
850 4795 
7078 1323 
6457 11993 
11651 10751 
11651 10711 
9510 12486 
4936 9097 
4593 10828 
12487 20 
1682 12488 
835 4633 
1867 4928 
572 12489 
138 12489 
7708 7957 
1509 12484 
6126 12490 
995 2619 
4011 2619 
1632 12491 
11359 4633 
153 12486 
4972 4839 
8660 2811 
442 9846 
6126 10216 
