2474 2717 
2029 2697 
2639 2717 
1784 2612 
2725 2633 
656 2157 
2811 2820 
728 402 
1031 2717 
2811 2362 
2763 2673 
1951 2633 
285 2383 
613 1323 
2621 2612 
77 2714 
2535 2714 
214 1738 
1050 2714 
517 2612 
2656 278 
2822 1323 
60 2823 
188 1046 
2725 2823 
327 1527 
2714 2673 
1343 2704 
1050 182 
679 2157 
837 278 
2824 2157 
1434 2612 
1664 2535 
458 34 
256 2612 
1664 807 
1350 1408 
726 2825 
1963 2704 
2411 101 
1768 2425 
1005 2029 
98 759 
2021 1638 
1995 2425 
2541 1408 
2785 2199 
2763 2826 
298 2826 
2785 34 
2763 2157 
1050 2629 
935 2199 
2725 2541 
2714 60 
459 2629 
2763 2029 
2714 2629 
2827 1351 
43 2673 
2450 2029 
43 2673 
539 2157 
1951 2704 
1890 2277 
138 2029 
2828 1444 
1531 406 
71 2825 
15 2214 
2285 70 
609 2717 
459 670 
2009 2541 
2397 298 
2765 2029 
15 2829 
382 382 
537 2829 
1963 670 
2187 670 
2393 2245 
