526 13822 
4952 6034 
13809 508 
1177 13823 
850 13824 
13825 13826 
4643 1323 
300 300 
12194 12194 
13827 4073 
7833 13824 
4692 13828 
3285 13829 
6510 12194 
13830 10369 
7804 11022 
3440 13831 
4405 2370 
13320 13832 
6516 13833 
158 11317 
43 13124 
10810 13834 
13835 13555 
3540 13832 
1611 8810 
13836 3528 
13837 12466 
2061 5130 
7708 11559 
8922 13838 
3540 2704 
4593 12552 
13839 9175 
4593 3739 
1851 13840 
8276 9401 
11038 13841 
850 6501 
9764 1761 
13842 4087 
1108 4665 
1614 13821 
2481 6501 
2481 1761 
5092 522 
138 522 
