1215 2474 
995 2474 
2411 2760 
1187 3087 
3088 1434 
1768 44 
1259 3089 
2763 3090 
2725 3091 
2963 2102 
2725 2673 
2559 2559 
2021 2673 
1768 3090 
2885 3090 
1890 3090 
2077 1170 
1688 2673 
2113 850 
2077 850 
2811 2748 
2548 2102 
15 442 
2393 3092 
97 3093 
368 454 
1434 3092 
97 1963 
1784 2102 
2843 3093 
1350 3093 
567 3093 
1598 3093 
3094 926 
850 3093 
1134 3093 
312 1170 
679 3093 
1425 3093 
2214 537 
1611 3093 
3012 1665 
1611 3093 
3093 679 
1611 3093 
1611 3093 
2957 850 
2479 679 
1532 3093 
3000 3093 
679 2479 
1611 3093 
1611 3093 
1369 3093 
2033 3093 
2725 1963 
2725 3093 
1371 3094 
1760 233 
2459 850 
3095 2890 
502 2811 
2267 233 
656 2811 
2214 3082 
1247 3093 
2960 2207 
3096 403 
1522 679 
1727 403 
2021 3097 
2608 20 
153 1350 
2963 3097 
173 2638 
1761 3086 
2021 3097 
2446 501 
3000 2270 
3098 2638 
997 1050 
3022 3099 
