337 808 
816 817 
299 807 
43 281 
81 817 
517 598 
464 598 
814 598 
524 598 
431 808 
675 121 
431 347 
726 818 
694 48 
372 57 
372 304 
304 98 
20 98 
121 98 
675 488 
3 98 
20 184 
808 514 
524 817 
42 146 
808 431 
819 281 
726 818 
14 98 
694 184 
539 718 
694 577 
134 514 
20 98 
656 656 
726 820 
821 98 
182 347 
110 347 
42 817 
653 428 
110 347 
224 109 
726 428 
34 81 
27 281 
546 508 
57 304 
822 428 
505 823 
34 304 
29 824 
785 824 
726 505 
44 304 
3 95 
15 811 
199 110 
15 44 
825 794 
726 29 
256 304 
158 304 
14 278 
287 304 
199 109 
43 799 
44 826 
827 491 
828 824 
15 726 
44 29 
15 20 
197 184 
20 95 
539 110 
20 20 
141 278 
408 304 
278 20 
278 20 
199 20 
410 20 
333 20 
656 667 
123 20 
829 20 
129 29 
800 20 
687 278 
830 20 
199 20 
43 20 
656 278 
153 20 
327 20 
675 29 
452 20 
675 20 
153 98 
284 20 
153 278 
500 831 
134 20 
473 832 
331 833 
43 833 
352 200 
15 20 
331 20 
