114 1803 
5716 5723 
3741 4481 
2996 5275 
517 5969 
3320 1560 
1259 101 
44 101 
1259 76 
2053 2114 
4682 5970 
4771 3086 
1951 5481 
2974 5963 
1638 5966 
1638 5971 
194 312 
5972 1241 
1704 1370 
5973 3308 
5972 4291 
995 5974 
1242 5658 
77 97 
724 5522 
2211 4159 
1614 1540 
5804 5804 
3881 1241 
1 1370 
5452 4481 
5019 97 
1522 2374 
4011 2157 
4397 5127 
5975 1407 
3712 1407 
2964 1407 
5976 278 
5721 1407 
917 2374 
4769 1407 
537 5974 
368 5977 
3415 97 
5978 5979 
4613 2374 
5464 1769 
5180 4944 
1259 5510 
4769 382 
153 382 
5522 382 
1704 818 
