4952 10995 
1951 10220 
98 745 
5972 8877 
4952 7898 
4902 10996 
10997 10998 
7078 10750 
10580 10998 
4902 431 
555 9154 
10659 431 
2760 10853 
2569 943 
1611 10999 
2195 10653 
7078 9154 
10995 10995 
1224 10632 
453 11000 
5972 11001 
9747 84 
74 3054 
2053 431 
11002 10653 
5972 4633 
8979 8979 
8913 10632 
4952 7559 
5493 5493 
11003 945 
1805 11004 
9238 11005 
6751 7559 
850 11004 
3575 9119 
9449 11004 
8676 11004 
5279 76 
10951 3230 
2763 10750 
2569 10750 
4972 10993 
8 5116 
8660 9119 
76 76 
5282 8965 
11006 7447 
194 9119 
6551 9169 
