4625 3863 
3781 1458 
2029 2029 
2996 2218 
2963 609 
2215 925 
656 656 
2811 4085 
4297 4667 
2411 2218 
4299 4667 
2599 609 
4139 679 
2714 4668 
458 679 
2725 4085 
431 819 
459 1468 
1640 482 
2267 1129 
1525 1525 
1805 1266 
4297 2211 
1951 2211 
724 4669 
156 1129 
3643 2887 
724 3789 
2717 3789 
3823 965 
4670 2621 
4454 1394 
430 3093 
4643 3093 
1867 3093 
4643 3093 
770 3093 
4467 1394 
4391 2621 
3881 4670 
77 1045 
3425 3484 
3781 1640 
2785 4568 
850 3484 
1805 4671 
4672 4671 
1589 3093 
138 4673 
98 3093 
1760 1099 
2535 1266 
3643 4674 
3643 1036 
4675 4676 
2416 2621 
