13934 21555 
16539 21549 
12157 21549 
771 21556 
10406 21557 
158 21557 
727 16838 
20636 4458 
4769 19865 
5412 21558 
21559 2343 
21559 1342 
5972 21560 
21455 21455 
21561 20810 
4397 21300 
284 21112 
182 20810 
6915 21549 
284 21112 
1611 21549 
2289 20810 
16092 1790 
2963 3637 
4692 18496 
21562 21549 
18824 21549 
2255 2106 
21563 21549 
111 21564 
546 9051 
5279 9051 
96 21565 
6126 21565 
20483 21549 
4952 21566 
20483 21084 
11038 21084 
648 16208 
114 16471 
549 21385 
19333 4924 
7708 21540 
