3866 1560 
1995 1747 
114 3523 
1645 3532 
1377 3523 
1645 2281 
3104 2463 
3864 3353 
2021 3867 
571 3867 
3455 3863 
1899 3364 
2760 3863 
3554 3353 
2633 3855 
3302 3868 
512 3863 
1562 1963 
2704 3364 
3387 3387 
835 3493 
2704 3736 
2775 3736 
877 3364 
2416 158 
3840 3532 
3540 759 
3823 2102 
2711 3364 
3869 2413 
1696 3736 
1259 1527 
837 1084 
3781 3870 
616 1963 
3842 2391 
3364 3736 
3540 3852 
78 3364 
571 13 
1611 3871 
2021 3871 
564 158 
459 3871 
3822 3749 
564 807 
459 2562 
1197 759 
2550 3736 
2973 3523 
20 13 
3324 3528 
459 3736 
2021 3528 
3823 3528 
3847 491 
1947 13 
1089 3736 
3847 3497 
3847 1355 
3041 3528 
298 2299 
98 513 
3872 1939 
2714 3332 
2420 2102 
268 3528 
2021 3873 
3865 3627 
204 3874 
3643 3874 
1247 65 
1947 2760 
3847 233 
3847 3874 
513 513 
1947 3875 
