5172 1190 
2806 1190 
346 5389 
2481 5384 
5180 2782 
3529 5384 
3364 2782 
5390 34 
1050 5127 
3560 5391 
199 5384 
1343 4845 
3770 5387 
134 5059 
3540 4845 
5127 5127 
188 1247 
104 2856 
4005 5392 
4877 1247 
3540 5059 
5393 4845 
8 2856 
1890 1636 
4005 4902 
5052 365 
1036 1452 
569 4795 
4877 5394 
4902 5395 
44 3888 
4470 5305 
5280 77 
530 5305 
2711 4470 
4795 4902 
188 3888 
4975 4470 
3748 530 
1005 5057 
4629 4470 
1611 4902 
3553 3553 
1611 4876 
4297 4876 
3553 98 
4795 4876 
2711 5396 
116 5397 
5398 4975 
1062 4470 
1452 4073 
3455 5305 
5364 2256 
533 4692 
1234 1234 
2343 77 
4744 4856 
1760 4876 
850 4876 
4769 914 
1408 4876 
1928 5305 
1259 140 
5180 4876 
412 77 
5399 5400 
5185 4119 
4508 77 
3320 1797 
134 5305 
960 5305 
5401 86 
138 569 
1951 4692 
