4199 1960 
2856 1960 
3794 3387 
4219 2856 
4263 824 
4397 1350 
1525 1350 
458 1960 
2664 1960 
194 1350 
89 1350 
47 1350 
4573 1960 
118 118 
4096 1960 
389 824 
138 1960 
1589 4299 
2856 2637 
47 1350 
38 4514 
2240 4514 
4574 569 
1790 4514 
1749 4367 
4397 1350 
77 4367 
4575 408 
156 4576 
1452 4576 
42 4576 
3095 4367 
4397 4367 
2963 4367 
104 2856 
2963 3736 
4421 4561 
309 408 
4433 1960 
724 2764 
1343 2856 
4577 1960 
1611 1960 
1259 4186 
613 4367 
27 2856 
4281 4567 
4578 1190 
2215 27 
572 31 
2714 4186 
80 3364 
2215 256 
1995 31 
2868 3863 
4219 27 
2764 2764 
2032 2032 
1805 3171 
3320 3825 
4072 968 
57 27 
3950 2479 
44 2856 
459 3355 
1910 2029 
4163 4514 
2 2856 
3689 2704 
3320 31 
77 1247 
2637 4579 
15 1139 
4297 31 
4199 4580 
2545 4580 
1851 1350 
4007 4581 
2638 3610 
43 4580 
138 1291 
4555 77 
31 1291 
3627 2856 
1769 77 
