104 104 
3575 9236 
6915 5723 
3239 8509 
2758 9169 
2481 3291 
2481 1247 
616 5890 
27 9633 
6126 9633 
2704 2227 
7708 9169 
7708 916 
9618 5890 
917 8937 
3847 9081 
8655 2383 
9634 9625 
224 605 
2963 605 
9600 567 
6530 850 
7878 2059 
8000 4962 
2974 8937 
616 9635 
8458 5649 
1197 759 
6367 9635 
4261 9625 
835 1744 
8489 9636 
1371 7878 
4381 2227 
5740 2227 
4732 9081 
5402 2629 
7407 2227 
4936 38 
7878 2248 
9637 2383 
9238 5572 
1480 2629 
2608 8655 
9638 1408 
6126 9635 
43 43 
6126 9639 
7745 1890 
3842 4633 
925 605 
6126 5408 
1853 5408 
8660 6910 
6683 9635 
4128 9640 
