97 1761 
609 1761 
1727 11 
266 569 
1209 1560 
224 1762 
517 936 
182 936 
1749 877 
1727 459 
233 233 
1259 233 
1760 1756 
31 34 
1761 1763 
1761 77 
1761 1764 
834 1756 
1611 1640 
1408 920 
1595 34 
194 609 
77 609 
77 1765 
1766 1765 
256 609 
850 1765 
74 34 
256 1761 
679 609 
877 850 
194 609 
1727 403 
609 726 
850 1764 
1248 726 
1259 1370 
1050 248 
31 1767 
1522 920 
569 75 
1521 75 
1670 26 
453 1640 
199 808 
1670 135 
1670 1670 
368 248 
1670 203 
1542 204 
974 298 
1259 30 
834 204 
1663 1247 
