3415 380 
12171 517 
5518 2651 
14479 11163 
12317 2651 
6241 14480 
12157 14480 
14481 1247 
6193 14482 
575 616 
3872 14483 
11016 14484 
850 2651 
2351 14483 
10855 6336 
3455 14485 
98 1247 
6844 10918 
1234 5100 
837 9387 
6510 118 
616 14471 
616 14471 
14309 1893 
14443 1343 
4952 14486 
4397 2180 
14487 1343 
2714 13277 
12157 14471 
11358 616 
6721 14488 
14489 1522 
5293 14488 
572 4134 
3415 14490 
4952 14491 
7407 14492 
14493 14486 
10668 13597 
771 14492 
11884 5161 
2763 14494 
11886 11817 
4952 11884 
2481 1633 
2996 5493 
4446 2704 
7898 14471 
709 1767 
10153 12461 
