1236 3306 
2450 917 
3185 917 
2548 3201 
287 917 
3307 917 
3307 917 
3247 2198 
3307 917 
1452 3308 
71 3108 
1173 2323 
2763 3304 
3267 1170 
1377 808 
562 3309 
1270 3031 
3310 2107 
346 1980 
3310 2070 
2450 1216 
850 1170 
2450 1760 
3311 3311 
382 3300 
564 284 
84 679 
3008 2107 
3086 1780 
34 917 
96 3312 
34 1760 
1099 1760 
2811 1413 
2811 1413 
849 1963 
2811 1413 
2704 3087 
3009 2639 
77 3313 
3314 2113 
2958 459 
2965 157 
1400 2681 
3295 204 
1760 3065 
3170 3284 
1611 3313 
2583 3315 
903 2681 
5 3065 
3316 3313 
3008 3316 
3300 3300 
3009 3065 
47 3317 
3308 3308 
1177 2573 
2214 2214 
2704 3318 
3319 1453 
2088 3317 
71 34 
442 850 
153 3318 
1738 935 
2215 3320 
1248 3267 
533 533 
3321 3318 
2633 3322 
1173 3322 
903 43 
3323 1099 
2983 442 
2359 850 
2029 1291 
