43 1370 
194 895 
539 539 
539 539 
726 420 
77 1355 
256 724 
1373 1280 
850 1323 
1326 1323 
220 503 
43 26 
539 539 
95 1247 
1259 503 
616 1247 
1259 1355 
539 539 
418 418 
81 204 
903 503 
1322 204 
400 1353 
1373 204 
194 204 
1259 204 
1374 204 
609 442 
95 204 
1248 1177 
808 1353 
134 204 
1259 204 
8 204 
134 503 
1319 420 
459 726 
850 1177 
193 726 
768 726 
726 1282 
193 1190 
609 644 
1352 644 
1319 644 
8 8 
503 850 
1259 1234 
609 384 
15 384 
1309 644 
1050 1323 
1349 1173 
346 631 
1203 945 
884 910 
442 442 
1338 910 
459 373 
20 1247 
1371 1234 
1047 1375 
539 539 
1225 442 
123 442 
1368 488 
837 726 
539 539 
98 1247 
850 850 
850 850 
687 850 
