1727 1853 
503 1876 
1099 1876 
1371 1134 
877 1352 
1259 1721 
1400 1876 
77 1876 
43 1876 
43 1876 
1670 1887 
1888 1748 
616 221 
1288 1887 
312 1721 
1259 1619 
539 1619 
877 811 
1522 1876 
1889 99 
287 1886 
1880 1876 
1805 450 
1882 450 
856 1619 
1542 238 
609 1805 
575 1726 
86 1805 
945 1805 
1730 238 
759 238 
1890 1836 
1891 1805 
1727 1619 
1890 406 
1892 77 
1157 420 
1108 1805 
1696 1721 
188 808 
613 1805 
706 1726 
1893 1779 
1894 1822 
459 1164 
224 569 
44 1894 
327 1853 
459 1876 
1400 1876 
679 1876 
850 1805 
1727 37 
901 433 
1259 238 
381 1805 
1259 1876 
616 1895 
724 1257 
1727 1288 
905 960 
1784 382 
1629 1134 
1727 29 
278 960 
1867 1895 
1896 1876 
1371 1876 
1134 1352 
1368 1885 
1134 347 
1352 1897 
257 1898 
48 409 
850 1899 
1670 1885 
1880 1323 
1509 1894 
1727 1029 
952 1885 
1884 1884 
1509 1099 
572 1900 
368 1872 
1542 1900 
1309 1805 
