3575 4982 
8021 8021 
3540 8155 
284 8156 
7641 4982 
5518 537 
5459 1170 
5356 2136 
726 1291 
27 1291 
8052 421 
1768 7326 
8157 7431 
5972 8079 
2704 7358 
638 8151 
2481 4545 
1761 4795 
4631 4795 
6510 537 
5180 6161 
7804 1170 
1108 8021 
1300 5649 
2215 1578 
15 7804 
5126 3024 
1682 1291 
5452 6306 
5309 8158 
3034 6306 
3034 4982 
2599 2599 
3034 567 
834 8023 
6987 4795 
1108 5649 
2594 7868 
5282 405 
8159 8160 
8161 3863 
6937 8162 
182 6034 
7708 3024 
562 8163 
555 1971 
8164 821 
821 845 
834 8165 
1995 8165 
