459 2711 
1343 2394 
2319 2394 
562 138 
3095 138 
4367 4367 
2995 138 
615 4406 
1768 1280 
204 704 
1350 3794 
162 4383 
4407 138 
4341 4408 
3823 4409 
4381 3051 
4397 704 
3540 4403 
4299 4403 
120 558 
4410 2711 
84 2923 
2760 4411 
2711 3506 
1197 2576 
3247 1744 
1611 1744 
1611 2535 
44 4214 
4281 4408 
555 4403 
1259 4412 
3850 4214 
3540 1744 
2535 1744 
2089 1029 
2760 1744 
3394 4214 
15 404 
15 4412 
4059 627 
687 627 
835 627 
1522 3881 
2214 3881 
2704 537 
1851 968 
2216 2055 
42 1744 
4163 4412 
15 3881 
3364 4411 
3364 3881 
2021 1197 
2763 1197 
3881 4001 
3474 609 
2701 4403 
995 1197 
