567 10674 
4633 10674 
5972 10675 
10659 4795 
6358 2714 
2599 99 
616 901 
1115 6543 
10676 4633 
10411 10674 
1556 10677 
10659 5329 
9870 211 
6358 10656 
10659 10664 
10659 9268 
575 140 
3903 211 
10678 4633 
410 211 
10679 10648 
162 7750 
9870 7933 
5375 405 
7804 405 
7804 7750 
4902 3690 
158 9028 
6457 10106 
1352 10677 
3928 901 
3928 10680 
6334 10681 
2053 5481 
10682 10656 
3425 10683 
6126 10663 
6126 10684 
10667 1291 
8660 322 
10667 2923 
6645 322 
5185 405 
8819 322 
546 4620 
2535 3408 
4902 10685 
7804 7868 
10659 3408 
7708 9821 
