7686 12956 
4952 13917 
616 1582 
5972 17389 
4902 10659 
20544 19899 
1853 18559 
202 20545 
29 2619 
2061 20545 
19324 2704 
20228 20000 
20546 16958 
15332 19228 
10411 16068 
5493 20543 
20547 10501 
11462 18614 
2275 18405 
14452 20515 
9334 10355 
4952 19995 
724 7095 
2446 11926 
19838 20548 
4072 20549 
6126 2704 
4902 18405 
20550 15964 
111 15885 
1890 14128 
4952 9064 
19633 20000 
19356 2867 
29 18331 
1851 2867 
20550 607 
7686 537 
20551 17291 
6987 2362 
14089 19210 
20853 13615 
