6855 5635 
4163 5635 
153 6501 
3540 3165 
4902 9339 
9340 5635 
224 6501 
6358 1578 
9340 431 
1355 9341 
1355 9342 
8952 7497 
1598 9303 
2548 9343 
9269 1053 
3895 1053 
7078 9343 
2211 5635 
5481 5478 
96 5282 
7708 1309 
1343 9341 
613 9303 
9325 4677 
8965 9337 
759 2704 
3540 9341 
44 5478 
555 6091 
4497 8927 
4691 4962 
1234 78 
6510 9341 
4631 5375 
8067 9341 
6645 5375 
8251 9334 
9344 616 
8831 7020 
4998 5375 
9269 9345 
2868 9346 
20 7020 
8660 5375 
3881 6248 
9295 9347 
9269 903 
5086 4049 
1601 5493 
9348 9349 
2704 9350 
9351 2195 
9352 4367 
7029 9346 
2957 9353 
1601 5493 
3247 2782 
1890 9346 
2481 2195 
995 9354 
2758 43 
5298 4049 
