73 1921 
1503 7095 
3977 7095 
84 1458 
368 7095 
8076 158 
97 2374 
8077 8066 
2704 1940 
4860 7604 
1509 1939 
1509 6166 
905 7957 
586 8066 
7939 7972 
2481 4711 
8078 4325 
2481 7957 
1259 837 
1851 7986 
724 1940 
2892 4381 
2704 2704 
2022 7144 
5180 7144 
2638 8079 
834 3497 
5402 3655 
6193 7144 
138 8080 
27 8081 
1611 1759 
6474 8081 
3643 8081 
6126 7201 
5493 442 
5612 8082 
3159 8083 
171 1049 
8084 991 
8085 442 
7583 6034 
6425 7985 
1050 1749 
2370 2370 
8 8086 
400 1247 
2429 2370 
6316 5797 
224 4505 
1108 7583 
6869 1350 
726 1350 
4342 4505 
5740 1691 
8087 1350 
