1890 3006 
3247 3451 
4744 3451 
3643 2704 
3415 1247 
3369 2632 
4882 2704 
4251 4881 
43 2339 
2764 4881 
1361 101 
111 3977 
394 3978 
2297 123 
4883 4220 
1995 2535 
2785 834 
34 1247 
872 4220 
3627 2853 
2255 2853 
1995 2535 
1248 2632 
4297 2114 
2535 943 
2764 4884 
34 572 
1361 4 
4297 4 
42 1209 
4167 4246 
2711 3484 
1696 4884 
945 4885 
3823 4885 
3540 3641 
3627 1759 
3369 3329 
1951 4728 
1525 1998 
3425 3329 
2764 1759 
3425 4886 
2029 2029 
300 1888 
4877 1197 
2267 1888 
3098 2541 
995 3627 
138 3329 
644 2179 
2021 4887 
111 3977 
945 2179 
4754 3484 
