6126 9761 
12036 8568 
2481 12222 
2675 5481 
4755 12223 
1247 4010 
837 12032 
7485 10853 
1513 3842 
6915 12214 
2704 12224 
10185 3842 
8454 3638 
153 7447 
7804 7447 
12130 9736 
7804 1247 
644 7436 
759 8481 
1890 12032 
4104 11346 
5098 8668 
1247 8481 
12225 12225 
575 12226 
8867 8867 
11279 10881 
724 3364 
34 9005 
3230 8787 
7431 12227 
12228 11346 
1247 9005 
4593 9005 
4593 9005 
572 9005 
2729 9005 
7083 9005 
7885 12229 
2446 8787 
10580 12230 
111 5883 
1138 9276 
4593 468 
10482 12138 
1828 196 
10782 5883 
84 9005 
8054 11914 
