14264 11573 
3945 16061 
13862 15970 
7686 16061 
4692 800 
15481 11573 
12054 5958 
111 16062 
15392 15461 
16063 16030 
77 6987 
708 2764 
8078 6987 
349 1940 
9479 2766 
1611 16064 
850 14212 
9479 16064 
9479 4992 
11303 4992 
2187 11166 
16065 16065 
9510 11166 
7733 7733 
10881 1099 
575 1748 
16066 2214 
2061 12194 
2061 14432 
638 9479 
10521 7149 
2714 11116 
16067 16058 
10521 2704 
14818 1099 
11573 431 
96 2704 
7878 15550 
2287 4962 
14627 14627 
6174 2576 
7078 2764 
1851 5968 
13837 16068 
1890 16044 
153 11166 
2397 15550 
4692 14160 
111 16069 
13902 13902 
15900 11817 
