1307 943 
770 1351 
256 569 
1259 76 
726 629 
639 1471 
616 1288 
850 1471 
1352 900 
204 431 
1288 431 
98 1288 
126 431 
1259 1288 
182 1121 
47 431 
1111 1111 
599 1188 
1108 900 
1326 162 
517 77 
1288 1472 
1157 900 
504 199 
856 1465 
1378 1473 
194 60 
872 1288 
668 1474 
562 1475 
609 1129 
27 1129 
726 1129 
1030 60 
48 1476 
1338 1473 
724 1435 
1259 448 
1259 101 
1 101 
459 1477 
562 1435 
834 692 
76 1285 
1050 199 
1456 1473 
459 1280 
1259 1247 
609 1478 
1247 943 
613 656 
726 1479 
1480 1479 
257 1455 
1170 1170 
199 1170 
502 1477 
20 692 
1465 692 
1381 1481 
1482 1209 
110 1170 
1446 1483 
382 1455 
278 1481 
1381 644 
1134 644 
236 1280 
43 1478 
1461 1209 
204 1170 
43 1170 
84 90 
473 1484 
616 90 
1352 1478 
776 90 
776 1485 
