3886 3842 
1328 2694 
4297 487 
1768 487 
3811 4311 
890 278 
708 1935 
1962 280 
4312 90 
15 1541 
8 1541 
4199 4313 
1589 1541 
238 278 
2383 2374 
1890 4314 
1542 459 
2481 1541 
4281 1323 
784 280 
2576 4315 
1247 1541 
1611 4309 
1721 3879 
4316 4313 
3516 4317 
459 1310 
1310 184 
793 1749 
131 4294 
850 1310 
487 487 
3247 4294 
791 4309 
459 4318 
2351 2374 
4192 3387 
1611 4304 
1489 4304 
4059 4304 
575 1935 
3095 537 
4269 3541 
3881 4300 
1352 3387 
1521 1541 
2215 1541 
4059 1963 
2535 1285 
396 4319 
4320 3285 
3239 4300 
759 4007 
44 4186 
3825 2070 
1248 4007 
3394 1371 
726 1291 
2633 3929 
1738 4199 
2643 4065 
1236 3006 
3781 3929 
2481 1310 
284 4199 
1890 3006 
1738 1818 
2963 4294 
1890 4199 
1599 4199 
4321 159 
2550 4186 
3320 3394 
2704 4319 
2996 1960 
153 4319 
4007 91 
4322 4323 
3104 2704 
2599 4048 
877 3006 
1350 1960 
686 1960 
1259 4199 
