4769 12764 
11359 173 
6599 11488 
2638 12636 
11038 9018 
315 3553 
224 3553 
8120 8120 
8454 5493 
6126 10216 
2287 12765 
4205 11207 
1738 12764 
11899 5476 
10659 11573 
1248 2763 
3415 89 
4104 11573 
4972 3553 
2704 12766 
4972 11453 
11951 1247 
4297 12765 
7164 12767 
12727 945 
1499 12768 
1355 12769 
2827 5306 
60 12770 
8246 5958 
119 4633 
6932 3295 
10659 12770 
1138 12770 
800 12770 
1197 11573 
8805 12769 
1400 12768 
12771 304 
9510 5493 
1572 11573 
12157 12770 
8819 11573 
850 3793 
8515 5493 
8141 11573 
11359 5493 
2758 8922 
12772 4363 
10521 12770 
4072 8543 
11517 304 
12343 12773 
