4256 3492 
4256 2704 
1157 1247 
1738 4072 
1951 1749 
2045 1082 
1522 1489 
1995 1029 
1247 1247 
204 273 
4199 4257 
2599 3532 
194 3532 
4186 3532 
312 1749 
2989 2704 
2714 3532 
4258 2711 
3364 273 
1259 3977 
562 3087 
4087 3087 
4186 3492 
1951 2704 
1489 3588 
2021 4259 
4260 4208 
315 3093 
1541 3087 
453 4072 
1062 2711 
1951 3095 
2892 1677 
3798 4149 
2704 890 
1578 4059 
4261 3736 
1962 27 
4261 77 
2481 4262 
793 4262 
4263 1403 
44 3285 
43 2711 
1589 4262 
759 3285 
2234 3093 
1234 1403 
3247 3863 
4264 27 
3894 3093 
3846 1403 
4265 2931 
27 2716 
20 3285 
3394 2629 
20 4262 
3881 3881 
2633 4266 
2287 1403 
3610 4267 
4268 3095 
2248 1522 
1247 4269 
2215 4269 
2021 4269 
770 4262 
4186 3239 
2215 159 
945 1351 
1458 3627 
1247 3285 
153 4270 
3950 3239 
1028 3287 
2664 1403 
2021 768 
3643 4270 
1177 1177 
76 4103 
194 1522 
1259 759 
4266 2049 
2963 3285 
1851 2281 
4271 1180 
2827 1247 
4 2281 
4271 4042 
1247 2281 
