1851 2136 
3332 3332 
2021 726 
567 3523 
42 726 
3902 175 
1365 537 
616 3523 
459 2136 
3239 3863 
2714 2780 
3906 1086 
3554 3332 
2714 811 
3302 3868 
2633 3907 
2717 3907 
1676 184 
1050 811 
211 211 
1513 3667 
3743 3880 
1 569 
1050 2704 
1611 175 
3842 1543 
1050 3715 
3425 3667 
1768 894 
158 571 
1640 3907 
2714 3907 
3733 3425 
473 3332 
3545 3671 
3425 52 
3908 2714 
3330 3745 
1890 2780 
368 2343 
2113 3425 
850 3425 
3823 1539 
3364 2714 
556 343 
442 3909 
138 2780 
3823 1192 
3877 2535 
1050 3150 
3872 3910 
894 3911 
3823 577 
