1288 75 
1257 878 
3302 1050 
3364 2426 
2986 2986 
257 3498 
609 2426 
3239 778 
3512 3462 
2976 2281 
1288 3119 
1738 3501 
2395 1619 
2714 2544 
3147 505 
3331 2544 
2570 3467 
3513 2729 
2714 3508 
1079 571 
2214 2336 
3514 3508 
1288 3515 
2681 3498 
3248 2729 
173 3515 
70 3515 
134 3515 
945 664 
70 459 
3516 304 
3516 3046 
679 2576 
3425 2576 
167 3423 
1691 2576 
3517 505 
616 3248 
459 3331 
2275 1664 
238 808 
3516 2678 
892 3423 
20 2426 
3518 73 
1632 1356 
3518 3515 
3518 2727 
3519 2691 
2963 1247 
1632 3422 
3520 726 
3519 3430 
3248 2691 
43 2336 
3519 1805 
3320 1247 
194 124 
47 1247 
2729 3515 
3518 951 
1704 808 
1288 1522 
1259 2425 
3009 1522 
2158 2425 
2717 124 
1803 1323 
97 2425 
3518 2905 
3086 2425 
3248 2405 
3117 2405 
2976 2405 
1288 2727 
3320 2405 
1803 1803 
2351 3331 
1247 2425 
2481 2576 
2905 3521 
44 1522 
