2996 539 
5180 6344 
459 78 
2275 6344 
2763 78 
1669 78 
6358 4072 
6515 1350 
1682 6352 
6358 4072 
4682 1119 
4769 1119 
1247 78 
1638 4034 
2711 2175 
656 1867 
726 2356 
4845 26 
5927 26 
3117 4958 
6516 995 
6517 995 
43 995 
2704 724 
2481 2175 
2252 1867 
2811 530 
4454 442 
2481 6113 
3986 530 
138 530 
6500 98 
5088 4526 
6510 6316 
96 530 
194 530 
6334 3276 
726 4072 
4297 6518 
3881 530 
856 6111 
2760 5649 
3881 1791 
5452 530 
5836 5836 
6316 6519 
6367 2988 
2090 6520 
2704 6521 
4011 140 
1890 943 
5180 6344 
2088 6178 
5093 1867 
537 6522 
6359 4873 
5298 2356 
2481 6523 
43 6344 
3364 278 
2481 5084 
