3095 2535 
834 901 
925 1247 
3627 4367 
1768 62 
3789 2535 
2681 2535 
3095 2535 
1556 2535 
1247 77 
2411 883 
138 77 
2214 4273 
3540 2535 
3643 2055 
925 1247 
1259 4384 
4059 4384 
4297 618 
3823 2055 
638 2055 
4059 2055 
4297 171 
1556 4385 
459 2055 
4198 4386 
3095 1769 
918 77 
1343 4387 
4297 4388 
15 2055 
81 4344 
1381 3332 
42 4389 
2021 4390 
44 4196 
1749 890 
4391 2599 
96 2704 
3095 4392 
4333 901 
2763 4393 
1738 3881 
1738 3881 
2411 3881 
997 2055 
138 569 
98 430 
2868 3881 
44 1728 
3903 1728 
2017 2535 
4199 1442 
4059 2535 
15 4377 
995 3881 
4394 4389 
3881 1738 
2215 1247 
4395 4396 
343 3881 
3320 1728 
194 3881 
89 1291 
3736 3881 
15 1749 
