2588 6024 
5972 6025 
2351 2010 
1927 2383 
15 5411 
47 1578 
708 5724 
77 1867 
5612 3888 
6026 5510 
6027 4281 
1890 798 
3295 5411 
2122 5478 
27 1890 
1928 2383 
6028 2198 
1050 5127 
5186 4104 
2015 5127 
193 5935 
453 5650 
1489 5758 
3364 1224 
3364 6029 
162 1890 
3305 1890 
5298 5411 
2764 1224 
1995 2010 
5452 5411 
3394 2010 
5452 1578 
237 224 
1835 34 
5005 5411 
1259 808 
1050 6030 
2136 4593 
3320 4593 
1259 4593 
1927 2136 
2481 6031 
3540 6032 
3986 6032 
2481 6031 
2158 3928 
2158 6033 
1851 5940 
5005 2383 
