287 1698 
278 1247 
960 960 
960 960 
287 960 
1099 1699 
960 960 
1030 96 
273 960 
539 974 
389 974 
1521 1247 
1209 1247 
945 204 
1700 204 
14 569 
1099 27 
14 569 
1199 960 
616 1701 
91 204 
124 408 
616 1701 
808 204 
287 408 
834 204 
1223 204 
837 169 
877 27 
27 1701 
596 217 
77 1698 
1702 408 
204 124 
1259 514 
15 124 
1259 1698 
1259 1247 
856 1693 
346 124 
1703 960 
768 514 
1704 609 
808 569 
1535 960 
1248 1099 
882 1697 
492 1703 
173 960 
1703 1408 
1703 1408 
679 1408 
724 1408 
80 1703 
690 1408 
952 609 
1326 48 
504 1408 
856 569 
1318 1408 
80 716 
1705 1697 
1282 1706 
1259 352 
1318 1408 
158 1706 
386 1408 
1108 1408 
530 1408 
1050 1408 
77 1408 
1259 1707 
726 1408 
77 1408 
492 1408 
616 1408 
86 1408 
1708 352 
1708 233 
616 91 
1270 233 
901 1408 
1165 1408 
1270 726 
459 459 
459 91 
1270 34 
1032 1170 
1062 1032 
346 1619 
1418 569 
31 1693 
129 808 
569 31 
1709 901 
1709 368 
153 1670 
1670 332 
1223 539 
1248 1670 
1522 539 
850 1670 
1710 609 
901 91 
1199 1408 
217 304 
285 1408 
808 1351 
1521 31 
48 1408 
204 1670 
