15 724 
81 1156 
98 834 
110 1156 
1157 1099 
81 384 
1158 1156 
819 421 
372 384 
1159 932 
785 48 
1160 949 
1141 27 
1160 949 
879 724 
968 1139 
368 987 
27 822 
43 987 
123 1121 
1108 20 
995 33 
504 1121 
146 110 
193 1121 
1161 2 
726 1099 
15 110 
80 724 
15 20 
433 430 
287 641 
81 34 
15 77 
182 77 
1162 834 
295 77 
110 77 
459 34 
43 488 
69 2 
199 34 
896 110 
553 822 
998 1119 
15 818 
575 1121 
442 34 
609 641 
616 724 
1021 1163 
158 641 
1164 1163 
1165 641 
1135 77 
1166 641 
1167 641 
641 641 
1168 656 
1169 945 
708 1170 
564 1171 
281 834 
43 1170 
20 802 
98 430 
43 987 
822 1172 
1047 1170 
500 1170 
724 724 
15 1173 
1174 1173 
