18178 201 
8738 1 
18179 9154 
4691 18180 
1503 7780 
572 4708 
546 855 
2029 7780 
13491 10081 
4489 5616 
18115 530 
43 855 
7578 2136 
17472 17472 
850 9391 
18181 4568 
1664 8014 
4692 17472 
7309 12218 
44 5616 
138 278 
18182 15279 
18183 11309 
5504 2278 
4247 2278 
12420 9129 
1611 2278 
16333 15916 
9119 4928 
9764 13998 
10401 18184 
17942 18184 
12791 17943 
5493 2278 
11038 10424 
3540 5493 
2714 1718 
410 2278 
11656 11960 
11038 18181 
2397 17943 
7394 18185 
3807 15276 
5493 17072 
18186 6303 
10659 11116 
10659 15305 
16768 18102 
17970 18187 
