653 943 
6791 6614 
6791 6725 
4381 110 
537 4892 
4902 571 
1721 5723 
4363 571 
3984 134 
4902 6448 
6791 6448 
6792 4841 
872 134 
6126 60 
8 4714 
6193 6502 
5005 609 
5282 3879 
2429 6788 
278 134 
43 6793 
86 943 
1884 6793 
3540 6793 
293 2157 
217 3655 
6474 2157 
4297 5731 
6794 609 
4297 6665 
844 6601 
4297 6795 
537 134 
4297 6788 
5 134 
5 134 
3394 5731 
220 609 
4297 6376 
1691 6796 
1247 6665 
6748 6786 
5518 6797 
6492 6771 
6316 2704 
138 6577 
5087 6771 
905 1643 
77 1643 
4011 3331 
1259 3331 
1141 2964 
138 1643 
6798 6799 
6239 5723 
34 5005 
4953 6800 
1236 6422 
4962 6801 
