236 34 
516 896 
725 656 
74 431 
74 121 
346 273 
925 1002 
236 273 
77 670 
995 128 
724 989 
1003 864 
431 989 
517 989 
121 78 
15 925 
121 989 
15 48 
1004 989 
315 48 
791 551 
743 989 
950 20 
1005 20 
80 989 
726 78 
15 34 
726 925 
153 989 
153 670 
15 3 
346 31 
187 989 
31 273 
896 960 
15 914 
77 960 
204 1006 
204 231 
916 960 
459 960 
14 31 
204 943 
15 943 
412 231 
569 1006 
945 943 
14 943 
182 656 
368 231 
725 644 
368 607 
333 607 
1007 762 
450 1006 
57 1006 
197 607 
146 607 
1008 670 
1008 670 
656 656 
27 943 
27 943 
