1727 18 
84 3634 
298 3634 
368 3634 
2989 3634 
2021 3634 
1509 18 
564 3627 
2896 3093 
15 256 
1768 18 
2963 569 
439 3358 
157 569 
3340 1963 
2896 2945 
2215 2281 
3635 3636 
3637 3636 
2896 3577 
1288 997 
3632 3632 
1288 2281 
1050 3022 
1288 2935 
1288 2214 
2963 3634 
2704 1288 
616 3638 
726 2425 
3581 2425 
945 2425 
2963 3638 
1601 1288 
3516 467 
2982 3516 
1541 1288 
995 1288 
3639 34 
34 34 
1611 202 
459 1288 
2336 2214 
850 1115 
74 157 
15 13 
393 1115 
2021 467 
3453 3623 
3640 656 
3518 997 
3518 2612 
3540 1643 
2763 1288 
834 2963 
238 1288 
2021 935 
3239 2442 
2021 3304 
3519 3072 
98 288 
410 3641 
2599 997 
3518 118 
2599 3642 
43 3304 
298 2599 
3512 935 
997 1115 
1851 118 
2612 2599 
3643 118 
2446 571 
2481 571 
3581 2425 
2481 146 
726 2425 
3644 1288 
3641 3645 
3630 3399 
