96 528 
1880 77 
1293 1796 
539 204 
877 561 
539 224 
1943 304 
1542 204 
76 81 
1972 289 
1947 448 
459 448 
182 110 
1727 86 
43 86 
1640 1356 
109 522 
1880 1790 
1503 124 
315 1770 
224 1770 
1696 124 
1343 304 
1611 1973 
1611 81 
1963 1928 
66 224 
120 1928 
1400 1522 
1702 1973 
692 304 
298 304 
1248 1598 
850 1598 
1855 1598 
308 1598 
1974 1408 
1209 850 
299 1522 
564 1975 
575 1975 
1618 408 
1976 933 
1749 372 
1927 901 
238 1805 
1352 1973 
459 184 
278 656 
668 1977 
194 808 
97 408 
