1682 2629 
10646 837 
1995 2629 
1805 837 
10537 4845 
6425 4633 
3425 11640 
153 10398 
9589 837 
1542 10886 
5518 11640 
5719 10653 
2481 11640 
10853 11641 
2481 11642 
1343 10653 
84 9678 
188 968 
4329 11642 
4397 5375 
4902 10695 
4902 9678 
11472 11472 
3928 5375 
4497 9103 
2894 11643 
1951 11564 
2136 1170 
1197 1170 
759 1170 
4902 1270 
11309 10604 
5649 11642 
3781 1270 
2717 1270 
11644 10653 
877 11645 
4902 11645 
4902 10653 
7073 1270 
8296 10653 
3553 10418 
575 11646 
4477 11647 
6645 11648 
11649 10653 
2714 11650 
11651 10711 
11651 10711 
5518 11610 
11652 11648 
2963 844 
2459 10653 
6126 10695 
850 7898 
404 1025 
11512 11266 
