542 346 
1524 1525 
1521 90 
1509 66 
1352 1319 
43 1526 
1525 1457 
517 1434 
995 1164 
123 1505 
1259 167 
526 1505 
159 569 
1248 1045 
346 1525 
517 1045 
459 1527 
44 1351 
134 1164 
850 1045 
96 1528 
96 1529 
1239 312 
724 312 
95 312 
27 1460 
698 1512 
726 1460 
459 562 
1134 1530 
1134 1415 
1134 1170 
134 1045 
453 1530 
20 91 
1531 459 
20 1170 
20 1530 
1532 1170 
20 1533 
44 1170 
20 1134 
1521 1370 
44 1533 
129 1351 
1134 323 
1534 513 
1525 513 
726 1351 
1055 513 
459 1170 
62 513 
43 323 
1170 1170 
850 1170 
776 1351 
960 1535 
153 1535 
947 279 
1536 323 
503 658 
1537 877 
