3239 4551 
1638 5376 
4005 4735 
188 1030 
3095 4735 
4072 1749 
5331 5630 
91 5630 
3719 5630 
5633 5628 
656 1099 
1790 5632 
613 5376 
20 431 
5634 20 
1805 5624 
5172 431 
1259 77 
2022 1658 
1851 5252 
872 5635 
1753 3076 
5254 5252 
569 5252 
3239 5623 
71 4163 
1890 77 
5254 5252 
4792 5252 
4297 5252 
298 5252 
4902 5630 
726 5636 
726 1895 
1790 1895 
613 3715 
3095 3715 
5637 3546 
569 491 
1259 5638 
1259 5252 
5185 5639 
503 5638 
1601 4962 
3553 1895 
76 4962 
1452 5624 
3540 5624 
3719 5640 
656 656 
4381 116 
2248 539 
3560 656 
2411 2576 
5641 3888 
894 3093 
1108 2893 
2113 2893 
2429 5482 
43 903 
5005 3888 
188 3093 
4397 1247 
