38 1 
85 86 
27 86 
87 86 
88 60 
8 86 
89 71 
71 27 
90 71 
90 44 
91 1 
80 31 
44 4 
92 93 
44 49 
27 93 
1 1 
94 7 
5 92 
29 93 
44 77 
29 92 
95 3 
8 96 
94 62 
97 1 
57 31 
98 44 
4 31 
4 31 
94 44 
27 99 
90 65 
1 65 
4 99 
9 65 
5 65 
37 44 
8 100 
8 100 
43 4 
101 31 
101 78 
9 77 
8 77 
102 43 
4 43 
103 14 
101 62 
104 100 
105 31 
106 31 
107 1 
108 11 
109 71 
110 1 
109 26 
109 31 
109 64 
109 26 
111 1 
111 1 
80 110 
98 72 
98 26 
98 90 
27 1 
112 1 
98 99 
112 14 
113 1 
44 98 
114 70 
115 31 
115 1 
5 116 
84 90 
110 65 
84 31 
84 117 
