4719 8350 
1247 917 
653 8352 
8346 4593 
2717 5522 
4902 405 
8225 8225 
3881 2979 
995 5166 
4305 4958 
4902 5166 
2963 2073 
1099 5166 
4072 2979 
8200 273 
6751 8353 
4011 8354 
7941 8355 
453 2717 
1611 8354 
4497 405 
8356 8347 
8356 8357 
96 4220 
759 656 
1239 1242 
8358 446 
6193 405 
6126 4134 
4729 656 
4729 656 
2297 4648 
8359 405 
2214 5640 
2214 8360 
27 4220 
8361 3706 
4261 8362 
1995 8185 
4902 5093 
2214 5093 
199 4481 
6136 5093 
2608 8363 
2704 8340 
5279 315 
850 8363 
1248 1691 
8098 8142 
4312 196 
2216 1138 
