2351 1143 
402 3263 
2021 2281 
445 3170 
481 394 
3350 3351 
2681 501 
2982 501 
1790 1452 
3342 3343 
2681 570 
2963 98 
48 3343 
2704 3352 
2982 2976 
3353 3348 
1309 3333 
2187 3333 
1309 3231 
402 394 
1115 3147 
2216 3333 
3291 2154 
3354 1099 
2996 2154 
1115 278 
346 3355 
2359 537 
2963 2425 
77 2281 
1784 501 
1727 34 
2566 3108 
1851 27 
3207 347 
145 34 
2098 3108 
2073 368 
1589 569 
43 3322 
2234 569 
3276 2281 
2548 368 
850 1247 
2976 3148 
44 2281 
2548 2154 
8 3148 
3331 877 
3086 3276 
2963 3 
8 3276 
34 34 
2989 368 
3170 3356 
1611 3316 
2066 877 
2982 3148 
2982 3356 
3170 3170 
1541 3356 
3320 3276 
38 3356 
3357 3231 
2323 3276 
459 2811 
2763 3148 
368 3358 
1890 156 
2868 2252 
2045 3356 
2479 3276 
616 3359 
2868 3359 
2704 3351 
2643 2154 
2957 1805 
43 156 
43 1805 
2976 2252 
2963 3359 
3134 2313 
3134 3356 
3134 2366 
2283 1805 
2868 2299 
141 1247 
1589 1805 
312 3359 
1851 3276 
2983 442 
2763 2175 
2411 2175 
3360 1115 
1355 778 
89 3333 
1995 778 
2897 27 
43 778 
1259 3276 
726 3294 
