43 5056 
5772 679 
2061 6225 
2963 4682 
2785 698 
2481 5884 
724 6034 
3928 5218 
3881 3835 
1142 6234 
562 5763 
2092 1853 
27 6230 
1350 6225 
2429 4119 
2029 698 
2714 5650 
5497 89 
5418 6230 
214 3835 
5418 368 
995 6235 
6236 4119 
2351 6235 
1910 4414 
138 4414 
770 5763 
3095 1749 
2029 6209 
138 6209 
134 6237 
2806 2806 
6106 5650 
5290 2806 
1259 6237 
1259 6232 
86 3977 
4297 3977 
1369 599 
3881 6238 
3540 5056 
3320 6235 
278 599 
5298 6238 
4769 6238 
656 2049 
5518 2632 
5623 4961 
3821 5650 
6239 4961 
6122 599 
6240 724 
3350 724 
2806 6238 
112 6010 
194 2806 
4769 6238 
4593 5886 
2763 5886 
6191 5886 
3320 6235 
609 609 
