1247 12235 
3086 5733 
10537 12354 
8515 9479 
12355 12355 
8067 5116 
2216 9394 
3540 12356 
6964 8942 
724 11679 
410 12357 
2763 12357 
4936 11886 
9231 2289 
11057 11879 
6359 10886 
5375 74 
12358 5003 
2963 74 
3540 5116 
7804 1291 
1682 6196 
3086 1291 
562 12359 
8922 5733 
12343 4246 
2658 11886 
12360 12216 
10842 5650 
3928 74 
5972 11757 
2827 10265 
12292 4633 
8922 74 
2758 74 
7407 1310 
3627 1458 
10482 1738 
613 12054 
10194 12361 
4631 2218 
7407 2218 
12362 4633 
2704 12338 
8819 12185 
1995 12363 
4263 6196 
2623 759 
644 11725 
6964 11914 
3540 12361 
