1234 9719 
2216 10029 
995 10030 
9816 7780 
3881 10019 
1851 4873 
6193 9492 
9602 4633 
9479 9389 
616 1790 
7804 1271 
2215 10031 
1352 2312 
3003 2344 
1352 7407 
10032 1790 
850 2824 
7078 9120 
44 2073 
7078 10033 
1760 567 
3455 10029 
10002 10034 
9067 9319 
1611 9479 
7804 9479 
567 10034 
2739 2824 
7804 10035 
546 567 
7804 10036 
2905 10034 
901 278 
10037 10029 
1760 1050 
43 1050 
368 1173 
5279 1291 
6683 10034 
8819 96 
5365 10038 
4902 10038 
2704 10038 
6334 10039 
7900 2491 
4902 2704 
2785 808 
4902 10040 
1890 10031 
