2077 808 
2021 2330 
850 1154 
506 31 
2260 2136 
1951 2245 
121 2136 
312 2327 
382 2331 
284 808 
2332 1643 
195 2281 
1704 522 
1790 31 
1541 933 
1704 808 
158 808 
2333 31 
2334 2245 
368 2327 
157 34 
1790 1030 
400 34 
188 31 
1805 2331 
1851 1853 
44 400 
1259 808 
134 1164 
188 1030 
404 81 
2335 2120 
2336 1192 
2337 2319 
244 1241 
2211 2211 
2215 681 
679 681 
450 1961 
2168 1 
278 2211 
2322 31 
2248 76 
1704 2136 
287 539 
153 2338 
768 681 
153 2211 
1704 2338 
2319 539 
1761 2339 
475 475 
699 1726 
2267 726 
418 1158 
1047 2340 
1164 1164 
1248 2341 
412 1969 
459 2342 
1452 2338 
1003 2136 
776 1015 
546 288 
609 459 
2343 1342 
1154 1154 
153 2340 
687 459 
188 2136 
793 2094 
