4497 5721 
3986 6463 
452 2370 
2763 6465 
77 6465 
3453 84 
3333 4593 
2618 431 
5452 431 
5412 5612 
6467 3881 
284 4593 
3928 6468 
2764 3883 
3553 6469 
4397 6468 
1379 1867 
1790 1867 
6470 64 
6471 6461 
96 6255 
6359 4593 
3159 6472 
2090 6473 
96 6421 
6462 1867 
6334 2474 
217 1867 
1890 5721 
1611 4845 
6474 1867 
5279 101 
1611 6475 
5180 6475 
6474 278 
6476 4682 
134 1867 
3540 4845 
162 837 
2711 6466 
2711 6113 
3985 2843 
4297 27 
6113 6113 
1036 5254 
6316 3992 
1197 6443 
2576 6443 
4934 5254 
679 5254 
609 5254 
609 5254 
4246 5254 
5245 4692 
3201 810 
5518 810 
2252 1867 
3425 4429 
4028 6477 
850 6477 
3542 6394 
5518 6394 
1550 6478 
3712 810 
405 1867 
6479 1237 
1550 1237 
6480 6478 
2824 2843 
2429 6481 
109 1228 
