12326 12327 
10646 60 
2215 1355 
4692 11454 
12130 2136 
9819 5612 
1664 12054 
12130 1963 
2481 10426 
555 11454 
4952 12328 
3831 5612 
12329 7735 
8668 3831 
575 12330 
2599 771 
74 157 
2599 11016 
3831 6443 
9819 9819 
9992 9882 
11038 1963 
4631 4802 
11938 11914 
1030 11914 
129 894 
1803 10271 
575 11914 
245 943 
12331 571 
3394 1355 
2397 771 
681 726 
12316 12316 
1247 894 
4934 5731 
7407 7898 
1197 7898 
10537 4732 
18 2619 
526 12332 
1099 3831 
11057 12333 
8098 6081 
4769 4134 
8660 12334 
43 115 
