6359 4633 
4902 10958 
5412 4633 
1050 8237 
8120 8120 
4342 8810 
4010 8810 
1611 10959 
4902 2704 
2704 10960 
901 8140 
4902 10960 
4902 10806 
8774 8774 
74 34 
74 1247 
3018 8810 
10954 10858 
10580 3003 
3928 110 
84 110 
8667 110 
10961 8774 
1509 2407 
734 10962 
10963 4944 
8750 10962 
3954 10805 
5769 94 
1951 10806 
5126 10964 
10965 10858 
285 7733 
6645 10966 
10967 3670 
1050 9479 
1760 9479 
5481 10674 
3928 10674 
2638 10968 
10969 508 
10865 488 
2868 7360 
8120 8810 
10865 1984 
3015 8810 
10728 9747 
1951 10960 
9479 8810 
