837 3977 
1903 2216 
2037 3977 
11590 10297 
3440 2114 
12503 6306 
2215 13680 
4104 4104 
8819 13081 
7804 1437 
10216 10118 
10216 11305 
6126 6389 
459 526 
1611 13681 
6334 10529 
13682 727 
5418 1468 
837 13683 
11883 5522 
157 1437 
84 13684 
2711 13685 
138 13669 
6721 13345 
6838 12765 
116 13686 
8268 8268 
6721 2543 
2704 5625 
13687 13345 
6126 13688 
2351 1437 
4593 9103 
4593 727 
1828 6112 
2638 13689 
850 452 
3455 13690 
1851 5883 
4104 2287 
6126 2370 
1532 452 
4441 13691 
708 616 
1532 13390 
