1009 31 
337 943 
372 607 
968 1000 
968 1010 
1005 569 
5 724 
121 945 
368 569 
15 34 
517 945 
81 836 
1011 231 
442 945 
656 945 
387 945 
1012 76 
616 1013 
850 989 
173 1006 
327 1010 
123 78 
43 644 
245 78 
368 911 
31 231 
1014 911 
278 231 
609 931 
278 670 
27 1015 
872 1015 
204 31 
34 911 
1015 1015 
199 1015 
925 31 
1016 911 
26 911 
43 911 
945 909 
65 1017 
26 909 
966 304 
690 656 
517 1018 
442 223 
80 1018 
43 909 
1019 1006 
204 909 
966 1006 
850 670 
524 1020 
43 110 
150 110 
564 670 
966 1021 
204 1021 
785 1021 
785 1021 
1022 76 
571 571 
312 1013 
966 1021 
1023 128 
442 128 
442 931 
15 724 
15 698 
539 931 
539 65 
539 65 
406 1021 
14 65 
140 1021 
346 78 
412 1018 
708 966 
545 1024 
140 220 
315 966 
57 1021 
204 1025 
123 1025 
1026 220 
204 856 
