2122 9746 
1247 7804 
877 9689 
2481 9410 
2608 9410 
4407 9576 
3095 3608 
9238 2844 
8948 9749 
9238 1761 
9750 9732 
575 4302 
2714 3087 
1350 9751 
194 3863 
9746 1350 
9457 9751 
9752 5127 
2481 3521 
3239 3087 
4902 4104 
3165 9753 
9754 9600 
9376 4104 
1556 5493 
7296 9755 
5595 9755 
5972 5356 
3540 9671 
2785 3521 
1247 3521 
7073 9756 
7878 5493 
6316 9611 
4754 9755 
3608 1582 
43 9757 
616 9758 
4769 5493 
3239 5493 
2758 9759 
9479 9600 
5185 9182 
153 5493 
5092 9755 
7597 917 
9238 1138 
2073 2073 
4381 1893 
77 9182 
74 7202 
