6987 10354 
8494 1045 
43 9417 
850 10297 
153 10297 
6964 10828 
10354 1170 
4711 8120 
6987 4633 
5279 1005 
3881 10940 
77 4633 
285 7733 
4497 10220 
2481 4633 
4059 4633 
10646 759 
9747 6932 
34 1652 
2704 10022 
7804 8502 
4902 2049 
5375 10966 
2351 10782 
7407 10022 
382 2704 
5493 9417 
10985 347 
2216 10828 
3320 10986 
38 10987 
10695 10828 
2758 8449 
2763 6932 
3928 10828 
3928 10828 
10537 10986 
1601 347 
1738 10503 
10482 347 
10988 7324 
5180 7360 
4631 6581 
1682 7324 
4269 1323 
6358 347 
6990 759 
9959 1560 
8454 10987 
4902 2728 
2351 9656 
10989 347 
