2612 1928 
2714 1928 
850 1032 
2717 1868 
2725 1400 
1108 1400 
372 1400 
850 1032 
2725 2389 
2155 1400 
298 1400 
690 1863 
2744 2270 
2745 2746 
2711 656 
1702 202 
2632 2746 
2548 1489 
945 1939 
2029 2740 
679 1863 
2450 77 
500 2389 
150 77 
1279 1505 
2747 1400 
837 1323 
1209 2629 
1118 2748 
1118 2245 
850 656 
34 77 
2323 2749 
1541 1505 
2336 964 
442 2749 
1611 1505 
1951 1400 
2021 2454 
1050 459 
257 1350 
537 2454 
69 2201 
2532 1939 
1943 278 
1247 2676 
134 278 
1223 2201 
184 2750 
2751 278 
2411 2752 
2599 837 
2674 406 
84 2753 
2682 278 
2682 278 
2639 1471 
903 278 
