14618 9159 
15027 14939 
284 14939 
2885 4872 
14473 14959 
109 1228 
15028 14693 
11108 11108 
13311 15016 
1197 1228 
5180 2618 
7186 4962 
156 15029 
2481 15030 
383 1228 
1138 15031 
157 38 
15032 1767 
5172 10918 
6370 1828 
15033 15034 
2919 2618 
5180 15035 
150 9298 
9877 4 
3540 9298 
850 14212 
7780 14373 
3540 4454 
77 11962 
2275 2704 
14976 10853 
901 8246 
9342 15036 
13905 7330 
6370 2934 
12054 9298 
14341 4962 
1957 1957 
9715 15037 
14308 4962 
10951 4924 
11127 11317 
14618 12765 
