850 4934 
3551 95 
5459 8251 
3540 9205 
1256 9198 
8948 4902 
8819 2534 
2868 4902 
8948 8948 
1522 5522 
9206 2305 
8660 9207 
1556 9205 
372 7180 
6964 2704 
4902 9207 
6987 850 
4902 9208 
8956 850 
1589 9051 
9209 9210 
1050 1 
9041 95 
877 6745 
1611 2996 
638 7164 
2077 9210 
575 1495 
3953 8407 
6510 5616 
157 74 
4643 9051 
3906 2996 
4834 1762 
3881 8330 
4834 1762 
2512 9211 
6334 4593 
1738 4953 
9212 77 
6500 5522 
2714 9213 
43 7164 
2868 8948 
5723 5491 
8904 5491 
6358 77 
9214 77 
