3853 539 
3169 278 
1805 539 
3842 4241 
1805 1321 
3730 278 
1805 4199 
3364 539 
3364 539 
3840 4199 
1790 539 
278 278 
539 539 
1041 4205 
43 1321 
1853 571 
1851 2475 
400 1291 
3324 4199 
2557 539 
442 4236 
530 539 
278 539 
4242 539 
2989 4199 
4243 539 
4244 539 
1499 65 
1225 2673 
256 4236 
3387 3071 
2714 539 
819 86 
34 4245 
3781 4245 
110 278 
4246 539 
3333 278 
86 539 
1805 1803 
4247 539 
850 1321 
995 1803 
3961 278 
2963 901 
616 901 
562 901 
837 2114 
4248 278 
2963 2114 
1259 539 
2114 4249 
453 539 
2548 571 
4084 2671 
1224 2114 
110 309 
3914 2671 
8 539 
3540 4250 
1714 4042 
84 1803 
613 901 
4237 539 
4251 2114 
4220 2671 
3689 2671 
405 2375 
4217 2671 
2760 539 
110 2681 
2021 4252 
4072 539 
3560 4252 
4072 3177 
3540 1190 
3425 570 
44 4236 
2763 4253 
1676 2114 
4237 4253 
2714 4253 
3949 4253 
4087 2704 
3949 4254 
1234 1259 
138 4042 
4217 4253 
1499 4233 
4199 3492 
2032 4202 
4255 4236 
2822 901 
2996 3177 
47 4253 
102 3977 
256 3177 
575 1749 
3425 3425 
