140 656 
188 140 
299 881 
404 233 
154 204 
34 885 
517 885 
278 883 
26 880 
3 154 
204 488 
886 135 
123 887 
98 887 
459 40 
129 27 
517 656 
569 488 
459 570 
656 656 
121 825 
134 40 
188 27 
129 77 
34 77 
153 570 
189 807 
250 20 
44 77 
74 569 
757 656 
757 656 
453 799 
459 77 
74 231 
44 710 
726 204 
728 204 
726 77 
609 710 
726 27 
609 446 
694 710 
98 298 
44 710 
121 77 
888 446 
84 233 
726 889 
121 231 
888 831 
121 78 
890 128 
121 91 
891 656 
123 710 
20 77 
343 881 
158 187 
892 65 
368 204 
65 20 
158 20 
129 20 
893 723 
197 710 
644 65 
656 110 
199 20 
77 110 
77 20 
47 488 
146 187 
134 4 
431 187 
728 231 
287 20 
404 539 
188 400 
