5180 10182 
2728 4902 
7708 897 
7878 11042 
11045 295 
11046 1092 
6241 4500 
616 4902 
575 4902 
1556 5365 
4952 11039 
2822 11039 
6241 4500 
1556 4500 
10933 295 
3881 4902 
4072 4902 
138 7083 
10659 11047 
1890 1853 
1890 465 
9041 4500 
7878 10810 
6987 10806 
11048 11049 
42 935 
616 9224 
2704 9759 
562 2374 
2481 9224 
850 6672 
5418 5365 
4497 9224 
8821 347 
4958 3364 
3592 11050 
84 3095 
11051 11052 
4407 1744 
3928 347 
5769 10644 
10189 1052 
8660 897 
8067 5365 
6543 10871 
5612 6796 
199 10871 
7878 7320 
9238 4902 
1499 7320 
8660 10194 
4952 10194 
5452 10194 
2481 10871 
3095 11053 
2029 283 
4407 11053 
7704 77 
3789 11050 
1352 5365 
4952 9479 
1556 10871 
