1828 15821 
6599 15822 
4972 224 
13423 15822 
6599 3590 
15823 15822 
368 15822 
2077 2321 
708 15824 
4972 2321 
14955 14955 
7804 15824 
15825 15826 
4011 2704 
3086 5006 
34 34 
14631 4048 
9510 11710 
6510 8683 
3086 78 
6599 15827 
14618 15828 
15534 15827 
368 15829 
2675 15830 
11038 15827 
901 9778 
2255 13969 
4593 14925 
856 8506 
6378 11559 
6378 3097 
9715 10002 
14618 12385 
12385 12385 
2704 15831 
13862 15831 
3928 15832 
9238 8840 
15833 15834 
4593 1163 
14008 14008 
1270 14138 
3518 1780 
4692 15608 
