3627 2890 
3627 7995 
6174 2890 
2481 5116 
8005 3712 
4477 845 
15 43 
182 43 
4692 6034 
5180 2711 
8006 297 
89 4367 
1611 8007 
1343 1190 
182 8008 
1890 3201 
4692 5645 
850 6885 
7693 6182 
7497 6182 
48 97 
8009 1836 
6510 2711 
2963 8009 
6241 7957 
256 6673 
2022 798 
3400 5645 
1 3125 
539 1234 
64 2704 
1381 3003 
8010 8010 
8011 8011 
1180 759 
1851 1828 
1371 4086 
8012 3003 
171 4086 
850 7957 
134 1234 
171 5748 
7886 4505 
94 97 
2637 6182 
2704 1190 
1939 1578 
1377 5645 
2122 1190 
98 4505 
