3394 3614 
2541 278 
3394 1247 
42 65 
1408 278 
4631 877 
2811 877 
1541 877 
2383 4065 
821 5044 
517 877 
1614 27 
2640 4065 
193 193 
1805 4178 
725 4178 
4902 2811 
4877 34 
2766 1295 
1197 4451 
759 4451 
2785 34 
4631 2425 
1727 2554 
138 34 
2351 285 
1400 2554 
4392 5045 
2704 5046 
3823 5046 
997 446 
997 4446 
2576 3502 
3502 4273 
1995 1247 
2411 4795 
1050 2535 
3239 4795 
2267 2114 
3881 4795 
3627 4795 
3308 5046 
445 4795 
3540 445 
1760 2114 
3324 2114 
5047 1173 
4795 914 
2541 278 
569 569 
4834 2029 
368 914 
627 935 
627 4273 
5048 2114 
1951 5049 
1805 445 
3095 5050 
138 1641 
43 4596 
4714 2114 
5048 2212 
3364 4677 
4251 2114 
821 5045 
2429 3095 
