9510 7055 
6510 14142 
1769 14331 
945 13957 
2640 11886 
8932 8932 
6599 11914 
2289 84 
10537 5493 
29 3613 
5623 14332 
850 4924 
109 140 
43 10200 
42 2704 
1614 5916 
475 679 
1691 8120 
2640 4680 
575 12719 
14264 3054 
2896 251 
13025 14330 
14333 14334 
77 2097 
4593 2097 
13388 14330 
4261 5136 
4261 14142 
1890 84 
10189 14335 
10521 2704 
2163 14336 
2704 2704 
894 679 
13236 3230 
850 4924 
468 468 
6971 14337 
6193 14334 
1030 14337 
850 14338 
5836 1086 
5972 4458 
8660 14339 
199 14340 
43 1606 
2015 14309 
