1350 2339 
5780 569 
5417 5412 
5518 2714 
5781 3696 
2763 4891 
4072 3353 
3008 4177 
2868 4953 
4297 4953 
877 5356 
173 5782 
4446 5782 
5418 965 
850 3715 
4381 2264 
1050 2264 
3117 140 
1215 4953 
3295 410 
15 5356 
5783 5784 
4891 4891 
5520 3492 
4902 5785 
2569 808 
1910 569 
3100 2624 
158 5697 
43 1540 
34 5733 
34 2624 
2704 5785 
5331 5786 
4032 1670 
4297 5786 
5787 1670 
1611 1670 
1259 1670 
1259 5788 
4059 1670 
2016 4873 
2016 1670 
569 1670 
2090 5789 
1309 1670 
5790 1670 
1670 1670 
1099 1670 
1670 1670 
4446 901 
4446 901 
1890 5791 
4416 945 
1670 1670 
2717 1636 
4877 1636 
3960 1636 
3610 5789 
1236 1670 
5792 5543 
2187 2909 
4631 2909 
