1030 1963 
3251 1455 
2778 62 
15 347 
2229 2111 
157 2792 
850 1691 
3088 1131 
1975 1046 
84 1046 
3159 3252 
1975 917 
3253 1 
834 3254 
3255 2374 
2486 1818 
2248 1355 
3136 2098 
575 1257 
3256 505 
77 960 
2252 960 
2481 1818 
3257 62 
3258 936 
204 1046 
2323 62 
2280 3259 
1611 77 
3260 3252 
2214 2983 
2957 3022 
2550 3259 
3261 1046 
2450 2650 
1197 1541 
1247 3262 
750 3262 
1738 3263 
173 77 
116 3022 
2763 2905 
153 1541 
2704 3012 
509 3252 
3108 1131 
1589 75 
43 3201 
43 2905 
2411 914 
3264 3259 
690 724 
43 3259 
2411 724 
3261 204 
505 62 
508 62 
349 3265 
1236 2612 
3247 883 
