412 1173 
1448 989 
295 1443 
389 1189 
517 1449 
1246 656 
194 1173 
609 656 
1240 135 
1450 1449 
1108 262 
133 199 
726 1356 
77 1356 
1248 1449 
81 1451 
158 1449 
877 1394 
459 1451 
616 1356 
244 244 
1452 1453 
400 428 
31 945 
44 21 
1454 27 
27 945 
382 1455 
278 1456 
1282 1456 
1032 1368 
609 1457 
1032 1189 
194 1457 
564 1458 
368 1457 
569 960 
459 960 
850 1449 
1459 1394 
877 1394 
346 1460 
1461 1209 
1259 856 
110 1453 
84 856 
503 960 
1326 945 
609 1453 
1259 459 
133 199 
188 945 
609 1453 
1219 1456 
123 27 
1209 459 
123 856 
453 1451 
578 834 
47 459 
1368 1451 
346 834 
1439 1439 
829 459 
539 1247 
815 1439 
539 1355 
1352 724 
459 1247 
98 1351 
829 459 
1326 569 
473 1401 
1259 1355 
77 1453 
1259 77 
