821 5443 
2827 98 
3034 2114 
2960 5442 
2963 2114 
1738 5442 
1078 5432 
5417 5417 
3610 1381 
5444 3770 
346 2114 
3627 5445 
724 5446 
4902 3353 
4902 4962 
2077 5445 
4692 3353 
2960 2944 
968 950 
1738 43 
3553 5418 
2714 4159 
5447 5386 
3593 5249 
4719 4159 
2077 2246 
4397 2246 
879 2246 
1350 2714 
1611 4962 
1611 2714 
4902 4953 
872 968 
5448 915 
1352 1611 
1951 4953 
4845 5059 
2714 77 
4005 43 
5411 77 
5360 968 
1343 77 
43 43 
5449 9 
1452 77 
1611 5450 
850 3898 
1234 950 
1234 950 
2319 3898 
4902 2198 
4692 2319 
4470 505 
3881 77 
4631 5451 
5452 569 
1247 77 
2892 1234 
856 77 
368 2198 
2608 5453 
4779 1247 
2136 77 
1108 5454 
1352 5455 
4407 5445 
3149 1582 
5456 5456 
2090 4722 
453 4722 
4005 5452 
4005 278 
2973 5451 
5185 77 
569 505 
2973 950 
3425 3484 
2411 1951 
2681 5457 
4891 77 
2822 77 
3320 5458 
5087 4682 
708 278 
2351 5458 
