6334 16809 
5185 74 
11462 16810 
16810 74 
1589 74 
14496 16811 
1118 1118 
77 77 
43 1582 
9342 74 
43 74 
6193 8142 
4381 74 
9238 16811 
4407 12054 
613 12054 
453 11735 
14584 4769 
77 1190 
4072 16394 
6510 16394 
5724 12461 
11462 16635 
1985 14071 
5712 16101 
10855 13155 
16806 11796 
1194 3529 
3308 74 
4059 13155 
12791 16394 
2704 16767 
16439 141 
9449 16812 
6174 12054 
453 4769 
3426 74 
15546 1170 
8666 278 
4952 6623 
74 6623 
16179 6623 
13523 1190 
3945 16805 
14818 1170 
3627 3367 
