609 6912 
5972 6912 
4769 6913 
2714 5452 
1247 1818 
382 537 
4769 3332 
123 6669 
656 679 
3906 5928 
6848 537 
6901 3095 
6193 3332 
656 537 
2892 1089 
6914 3095 
6915 679 
6916 1780 
27 27 
2599 5491 
2963 5491 
3024 6669 
6193 1761 
4297 5985 
2286 1643 
5941 5163 
2215 5400 
37 903 
6474 883 
6844 256 
3540 6571 
44 1643 
5279 3054 
1541 3095 
8 335 
4163 6910 
1108 2304 
157 335 
5493 759 
3540 6359 
6899 1543 
6901 3095 
171 6825 
2675 6917 
6918 2811 
1809 6825 
629 3095 
638 6359 
6602 6919 
1234 6825 
44 3054 
6920 679 
567 726 
6921 6917 
4297 6919 
4934 3054 
1910 3054 
3364 6724 
6897 3504 
