265 128 
134 4103 
238 3913 
1995 2281 
815 2554 
3719 539 
2963 1247 
1343 1376 
3247 4050 
2963 1247 
1522 459 
575 888 
3364 2717 
4168 4169 
43 1170 
4005 888 
3484 2711 
1601 2681 
2704 1170 
1951 888 
1611 2681 
4125 2681 
4162 2681 
1328 539 
1050 1377 
759 1310 
3480 1376 
2681 1310 
1611 1377 
1343 1310 
4005 2887 
134 4170 
3364 4169 
3643 4170 
3120 3913 
4171 3913 
3095 1494 
4172 1173 
569 3913 
3881 2811 
3239 4173 
3746 4169 
2827 2281 
1371 539 
3881 722 
569 2281 
3095 2113 
4050 933 
925 99 
1310 4005 
2704 2887 
1851 2281 
4005 4174 
2446 1890 
4174 4174 
1142 1890 
2763 4175 
4176 1049 
3881 282 
238 1247 
3425 2875 
2763 818 
1768 1560 
3730 238 
8 1890 
4005 1749 
613 1749 
