11437 3308 
1632 3245 
4454 11425 
11436 11436 
2481 9639 
850 9639 
4032 9639 
11438 3308 
4297 1029 
11439 11434 
734 11076 
7804 4764 
7804 11428 
11440 1291 
7804 9081 
1572 8142 
7804 11441 
3003 84 
4011 11442 
11436 11443 
265 6784 
11444 4795 
382 11445 
11166 6784 
11446 9182 
6193 11434 
1682 4764 
1611 3308 
7767 7767 
759 8142 
1890 11427 
71 10278 
616 7688 
27 10644 
4972 7688 
453 11447 
5697 9835 
5972 10710 
3540 11445 
98 97 
2785 8142 
4859 5282 
3600 1248 
2714 9645 
5093 3852 
4397 10644 
2934 5767 
11448 11449 
3293 11324 
4269 4269 
9182 9182 
8075 11450 
10659 10081 
2711 6551 
