6383 1522 
6360 6384 
1738 6384 
43 3977 
4692 6385 
2599 1031 
6386 3327 
3320 3977 
562 6103 
5298 4758 
2090 4348 
4497 6103 
5481 4007 
6387 3455 
6388 1316 
2351 2429 
3529 4497 
5402 101 
1853 6387 
6334 3627 
1890 6387 
6389 2287 
5772 1089 
1738 1618 
995 6390 
1050 1031 
995 1031 
1714 5011 
4163 915 
5504 6284 
34 567 
957 4238 
6387 4238 
389 6304 
5298 5776 
1522 6304 
3627 3627 
3394 6391 
2252 4034 
656 850 
44 4034 
4762 6392 
6334 4034 
1780 4381 
5452 368 
1400 6304 
6387 6387 
47 1608 
957 1527 
2216 368 
412 368 
3881 3604 
6380 3604 
4011 6393 
3007 224 
3872 4048 
43 2114 
1638 4034 
4902 5834 
2738 4048 
141 656 
5412 4034 
3872 5006 
