1556 3411 
2481 1749 
995 8697 
4072 4025 
29 8927 
5941 9264 
2963 8927 
1851 9159 
8660 6965 
7078 5408 
315 1762 
98 8697 
71 71 
71 1468 
9265 74 
4902 4458 
2416 9113 
4902 9266 
1343 9266 
7804 4446 
4902 9267 
2638 9268 
9269 968 
5446 3863 
9270 9267 
9271 8080 
8794 8051 
118 118 
8819 5848 
3540 4962 
2958 9272 
1247 9228 
9200 6443 
2061 9273 
9274 7972 
1236 7972 
616 782 
4261 9275 
238 1032 
47 9276 
902 9277 
9243 9243 
546 6235 
453 537 
1851 7572 
9278 6034 
98 8927 
4477 4048 
9279 9213 
8660 9276 
8818 1129 
8660 782 
71 8203 
3320 199 
71 199 
8237 199 
1355 199 
9280 8574 
4312 349 
546 199 
2963 199 
9261 5466 
8660 5570 
8948 6187 
3881 199 
