6359 664 
2963 4682 
4297 1618 
133 6309 
526 4381 
3696 4381 
3295 110 
6359 6400 
3350 1618 
2343 4682 
138 6507 
2481 6507 
6486 4758 
5180 2576 
1361 2576 
77 2576 
6174 2599 
6500 3997 
136 1539 
6509 4515 
2359 6316 
1867 1618 
1259 1539 
6510 6316 
4011 1636 
158 1636 
3295 6511 
5057 1350 
5418 6511 
4684 1350 
2760 883 
6241 5384 
947 6512 
3924 1350 
5719 5384 
4297 5384 
2963 283 
6513 6284 
2246 6284 
6513 6284 
6362 1350 
6362 1350 
2905 968 
698 968 
3425 6086 
6203 1618 
1867 1618 
74 138 
382 877 
537 1350 
6500 4593 
6500 26 
6334 134 
2216 2216 
6334 1874 
4381 6056 
2713 4381 
6316 6056 
5518 6113 
6359 1522 
1995 375 
3320 375 
5418 4381 
2856 77 
5452 77 
43 6352 
2351 375 
2481 1874 
4297 375 
6448 6495 
844 6514 
