2323 2843 
2088 2843 
3928 6403 
459 2843 
6191 6400 
98 6404 
4163 2843 
77 2751 
4902 6402 
5298 6405 
1866 2751 
4872 2751 
5298 5836 
1371 1985 
4692 609 
2640 2735 
3643 2843 
539 2843 
519 4114 
1790 6404 
236 6406 
389 3094 
202 6056 
4769 2751 
5989 2751 
4902 6207 
4902 2751 
6241 2843 
3333 2751 
4011 6207 
3095 6407 
945 6207 
2598 6207 
202 1738 
380 2751 
879 5728 
6408 989 
464 6056 
6409 1271 
1234 1234 
5088 6390 
644 6177 
459 1309 
2892 94 
150 150 
459 6111 
5298 150 
3881 6407 
6410 6053 
5518 6411 
5402 43 
1352 6284 
850 3793 
47 43 
6334 3918 
2785 1309 
4219 6412 
1259 6111 
3425 150 
4902 6053 
4011 150 
4902 4902 
1890 5006 
2637 6053 
5884 1247 
5481 1963 
4011 4958 
6306 4902 
2637 6413 
4682 4072 
2297 4958 
194 150 
1851 4902 
2122 4958 
2481 6411 
