5012 935 
2957 2711 
3823 4970 
153 4970 
4756 2535 
613 2856 
2640 1828 
80 4970 
4407 4178 
2996 4446 
616 2240 
3627 2856 
995 3523 
2411 4446 
2664 4446 
27 1291 
3095 2923 
1611 5013 
4934 4934 
1361 4034 
485 4446 
4625 4446 
5014 2704 
569 74 
4891 4446 
4631 5015 
3489 4446 
4914 5016 
4902 4674 
2486 877 
4902 2098 
1009 4446 
4814 450 
1769 450 
4975 726 
453 450 
1050 2098 
4168 3765 
293 5017 
293 450 
3881 5017 
3881 5018 
4096 450 
3881 2211 
1050 537 
1247 3706 
1522 5013 
1768 1139 
4034 960 
1599 1998 
3881 447 
2785 2426 
1099 2890 
3425 2890 
3261 1911 
2287 1998 
2827 5019 
835 5017 
1099 2856 
726 4683 
2267 1291 
3928 1998 
1099 2856 
312 4729 
3320 4683 
