8660 11619 
850 3607 
6193 11849 
465 11710 
11462 11850 
1890 11329 
1513 3607 
2383 5731 
382 11851 
9238 11379 
11852 11853 
11854 6669 
2729 11853 
1257 8948 
1361 1234 
834 8948 
3540 3003 
188 11850 
555 3279 
188 34 
6078 6078 
4297 4732 
877 410 
877 86 
3540 3279 
4104 1355 
1108 11855 
44 4902 
4896 2811 
2029 2029 
1611 2811 
8676 2811 
4692 2811 
4297 1247 
9692 1247 
759 11847 
8634 11847 
3320 4732 
5093 11856 
10189 3977 
11857 11710 
5093 6078 
10621 11847 
8660 5332 
4769 11858 
4998 115 
8819 11859 
8330 8330 
10194 3497 
3842 2811 
9170 4902 
6383 9095 
372 11860 
5375 11847 
109 2029 
10659 3497 
6126 1468 
