27 1760 
153 459 
1797 1798 
1761 1799 
368 1799 
410 410 
1309 1761 
1800 1748 
1532 1801 
945 298 
1802 1799 
20 1799 
509 951 
586 1799 
1013 433 
381 1803 
1355 1355 
1787 1138 
690 1319 
850 1761 
1402 1192 
312 1725 
98 433 
153 1761 
1322 1319 
1259 951 
1760 346 
156 951 
48 34 
1804 1744 
20 34 
724 1725 
768 821 
1805 1319 
1806 1192 
1806 1319 
1805 110 
1807 724 
1805 1170 
1030 1257 
1052 203 
1108 1119 
1052 304 
1761 951 
453 1744 
850 1199 
1503 34 
287 1806 
153 1806 
156 1806 
1248 1199 
129 99 
453 1806 
43 459 
1808 1430 
1234 1189 
724 1430 
1784 8 
1727 1199 
89 1799 
1702 1744 
445 1319 
1809 459 
1809 459 
1522 459 
20 1430 
1522 1189 
366 1430 
569 1770 
153 1670 
687 1551 
1810 1811 
159 1770 
448 459 
20 687 
1257 806 
1749 724 
1029 304 
298 304 
1050 153 
1730 1770 
459 1670 
850 1670 
1812 459 
1638 1803 
1813 459 
1259 1199 
453 724 
