2315 1247 
5658 960 
44 2136 
1522 5437 
2090 5682 
5679 4795 
1224 2157 
2541 77 
34 1247 
1890 1228 
5683 115 
122 5681 
1851 448 
4005 5684 
945 448 
2725 2136 
4397 5161 
20 901 
1962 3125 
1525 901 
47 901 
458 2157 
1790 901 
1452 3627 
4902 99 
1525 901 
5685 5686 
458 391 
256 405 
43 3125 
5669 5681 
256 901 
4281 4281 
57 5686 
2996 405 
4397 901 
5687 1803 
5688 2157 
1452 2157 
77 2136 
4297 2157 
750 995 
354 850 
945 3125 
1582 1582 
34 2157 
2640 115 
4263 4902 
5254 2157 
224 4966 
66 5543 
5689 5686 
1108 901 
5689 2373 
4972 4966 
726 5690 
5375 5690 
1611 5691 
442 2157 
5612 5692 
1452 5693 
1452 5691 
3928 1139 
3425 4711 
5612 4520 
4096 5691 
5518 1310 
993 298 
1611 3909 
1867 1139 
5694 5630 
5694 2830 
5694 3011 
2704 298 
194 3541 
2963 1139 
5296 5630 
4005 2136 
1890 2179 
2763 1909 
138 1291 
1522 1909 
5695 5693 
138 1247 
1760 3125 
2429 5696 
