238 20 
71 491 
77 546 
412 598 
91 505 
248 31 
783 505 
745 268 
15 268 
84 505 
287 783 
726 248 
223 505 
784 728 
785 780 
517 783 
459 546 
728 505 
135 31 
104 223 
517 223 
517 722 
15 223 
725 722 
153 505 
725 77 
517 764 
153 764 
613 667 
91 784 
786 783 
153 20 
605 783 
15 667 
569 783 
17 667 
569 667 
416 667 
197 667 
197 65 
197 31 
299 300 
299 657 
650 31 
34 268 
542 728 
34 764 
140 248 
140 26 
785 409 
787 304 
787 65 
27 248 
27 26 
168 20 
168 667 
129 211 
47 211 
788 505 
499 31 
789 790 
184 667 
791 724 
77 211 
27 211 
204 409 
569 409 
15 758 
80 80 
308 158 
123 776 
539 220 
475 656 
675 29 
526 722 
728 667 
248 248 
150 223 
