27 43 
146 43 
453 656 
15 27 
300 656 
65 11 
656 184 
669 184 
526 632 
669 151 
76 441 
77 441 
182 264 
76 441 
43 429 
616 662 
287 429 
454 670 
656 278 
562 446 
616 612 
15 43 
453 128 
555 495 
43 656 
539 126 
327 126 
84 662 
575 3 
15 77 
300 202 
81 300 
65 300 
665 151 
665 151 
665 408 
613 365 
77 365 
188 27 
504 300 
146 365 
562 184 
613 184 
332 365 
44 365 
517 365 
44 300 
500 446 
442 57 
184 57 
215 77 
233 57 
29 671 
298 671 
616 671 
129 488 
77 57 
129 631 
312 671 
84 662 
672 128 
17 57 
562 616 
312 616 
173 1 
504 57 
199 495 
14 631 
65 631 
673 671 
453 365 
590 300 
513 631 
299 57 
565 57 
440 450 
674 29 
634 652 
140 57 
674 128 
674 674 
140 670 
505 365 
140 39 
123 39 
505 670 
505 90 
368 34 
47 671 
539 39 
473 634 
368 656 
130 90 
143 90 
80 90 
17 656 
98 39 
368 151 
675 204 
676 151 
459 39 
675 288 
677 659 
15 204 
