1790 2136 
8 2136 
1321 960 
453 2137 
613 898 
431 2390 
504 2515 
1784 960 
1352 2514 
1790 726 
1805 1045 
1259 1089 
1670 298 
968 1247 
968 558 
689 1089 
2359 2513 
43 248 
1050 248 
690 248 
453 2266 
2516 2517 
2518 135 
2021 248 
1541 656 
60 656 
2519 641 
856 1164 
157 641 
2520 1192 
2113 2266 
134 76 
507 837 
2519 287 
2489 877 
146 458 
84 2448 
2448 77 
171 1209 
47 2521 
171 2330 
1784 248 
2246 1458 
2486 850 
2215 1753 
2021 1753 
2512 641 
284 947 
133 1753 
47 1797 
2494 43 
1780 1753 
2522 2281 
31 1797 
1951 459 
1947 1045 
2446 459 
2113 1753 
2319 850 
2113 284 
877 960 
459 20 
850 638 
539 638 
1089 638 
2523 1015 
98 20 
1522 2524 
2523 1 
153 284 
1963 20 
1248 1228 
2525 1926 
1300 408 
153 43 
728 1170 
539 2526 
98 2118 
77 431 
453 1759 
368 20 
2280 2267 
724 537 
2216 368 
34 431 
