188 3292 
2416 5001 
2704 278 
2215 5202 
5203 1350 
822 3292 
2704 3475 
89 5204 
1352 1350 
1407 405 
5087 5205 
2090 3065 
1352 1350 
1452 312 
2481 3308 
2811 312 
5172 312 
837 312 
4902 5206 
850 3308 
4005 1633 
3928 4148 
1458 5207 
4510 2801 
2704 312 
74 1099 
1 4389 
5180 76 
2411 4363 
2481 5208 
8 5208 
2016 5208 
4814 4795 
4902 4795 
4902 5208 
2122 5208 
453 5208 
188 5208 
1259 5208 
1259 76 
1177 5207 
2187 312 
1223 2856 
2541 2214 
3239 312 
3746 5207 
4007 1099 
3394 3881 
3012 5130 
5209 5206 
459 3881 
138 1099 
5204 5204 
2599 834 
2411 2541 
2704 5210 
4005 5210 
44 1939 
47 2986 
4682 5205 
173 5210 
