20350 60 
14308 1343 
9510 6813 
6516 20351 
1379 20337 
10659 20352 
17975 19396 
4692 410 
4902 1343 
3159 20353 
1738 20354 
19292 5493 
15161 8449 
5279 98 
5180 5493 
15073 15073 
77 16827 
14695 20243 
5180 20355 
12887 12887 
20257 14449 
4104 5493 
4221 20243 
3405 19850 
15240 12596 
616 13973 
3846 20351 
3928 13973 
6334 11639 
1371 2447 
3881 7559 
15184 14446 
7898 3928 
9334 9238 
5719 4902 
20324 2029 
9334 18450 
19838 20317 
3295 656 
14890 20350 
16398 20356 
48 8 
14890 20357 
13934 3734 
