3327 3040 
204 3561 
3554 2576 
3051 3051 
1343 408 
408 3040 
3563 3388 
1835 31 
42 2909 
1875 3040 
1541 3040 
1727 3564 
3101 3040 
153 3327 
1943 2195 
442 3040 
3147 3565 
2638 1986 
1050 3327 
3364 2195 
3448 3040 
3425 2229 
3364 2229 
1805 2229 
3425 2229 
34 3040 
2775 1046 
2638 3566 
1050 3566 
84 3566 
2621 2195 
84 1805 
1204 1115 
1503 34 
3364 3567 
129 3568 
1611 3327 
1768 3567 
905 2229 
2535 3566 
2714 3040 
382 382 
3569 9 
2021 3570 
77 3570 
1288 3040 
1288 9 
3416 3529 
281 31 
1541 1074 
1890 3570 
2682 3571 
3051 3113 
3248 1074 
2214 3040 
2714 1309 
2433 3529 
459 3529 
1099 459 
1247 3572 
3364 3573 
3248 3040 
368 3113 
3364 3570 
850 3529 
368 3570 
3364 2234 
2905 459 
3333 1309 
3383 459 
3261 3573 
1768 2365 
2481 569 
