1850 5493 
14618 12054 
10659 15508 
2704 12054 
1850 15509 
10659 12054 
6126 13973 
312 13868 
1611 12054 
6721 5958 
15510 12054 
2061 14738 
13806 14738 
1352 14738 
907 14984 
7804 1437 
850 14738 
13048 12054 
15511 12054 
15000 14738 
15452 8449 
15512 14738 
15452 1015 
15452 11962 
15452 14037 
5092 4958 
15513 14738 
13985 12054 
7465 15506 
5180 4962 
7465 1437 
11351 14738 
15514 12054 
3320 11817 
15220 15515 
15516 5989 
14618 5312 
5185 15517 
10627 5312 
9992 15518 
2729 248 
9510 15515 
5896 14738 
