9764 10871 
2481 850 
2763 405 
575 6669 
1499 10875 
834 572 
2996 405 
1890 10870 
1025 405 
4902 1738 
9238 10877 
2122 405 
6193 405 
1378 1761 
3560 3928 
7804 1761 
193 6669 
10537 40 
2758 3928 
10659 10878 
10659 10874 
5180 405 
5972 10865 
5185 40 
6800 7898 
6126 10879 
1995 10880 
1352 10881 
10809 10882 
10883 9224 
1197 1718 
6126 10424 
724 9809 
724 10828 
10659 8378 
6417 10424 
9238 10878 
3928 10775 
4072 9479 
8200 410 
7246 7898 
7804 7320 
134 2551 
4902 10884 
4902 10750 
