901 2543 
1378 2580 
2640 2383 
2599 34 
2633 2202 
2246 2202 
2597 2580 
2597 1939 
80 2641 
84 2642 
146 2608 
287 2608 
1050 287 
2510 2383 
2643 2383 
1 1247 
162 1744 
133 834 
679 2608 
153 287 
2383 2136 
2644 2383 
2392 2383 
184 27 
84 184 
609 184 
3 184 
564 2645 
445 1881 
2646 656 
2021 571 
2647 2383 
2480 2383 
89 2648 
2450 1881 
1951 1931 
2450 708 
2545 571 
2215 856 
1995 856 
2480 656 
2649 2465 
2599 223 
500 2650 
905 656 
2534 1931 
1890 1638 
690 2383 
2239 20 
1768 1931 
905 20 
2009 1469 
