1099 5366 
750 974 
1259 1957 
4363 4645 
575 3455 
1817 1761 
4072 5366 
5367 1247 
3553 4397 
5368 5180 
3553 138 
4397 138 
4005 138 
1099 5369 
4123 5369 
47 3201 
5370 4692 
1099 4259 
4363 903 
1522 5249 
1099 4692 
616 5127 
2090 4692 
3540 5369 
5371 273 
405 405 
1995 1560 
4297 1560 
2090 4692 
901 34 
95 34 
2764 34 
4756 34 
4072 3353 
616 34 
459 4500 
459 3201 
5318 3201 
4902 4645 
4902 5366 
5372 4500 
5360 27 
459 569 
3643 569 
1611 4500 
3540 5373 
5374 4500 
5375 5376 
1963 569 
5172 569 
116 4795 
1108 759 
15 569 
4877 759 
2892 5319 
199 4795 
3425 569 
459 4795 
1050 5319 
77 569 
5377 5373 
4643 759 
2827 4795 
47 4795 
3320 1163 
2459 569 
295 4645 
4769 3734 
2017 4604 
4689 2691 
453 569 
120 2576 
5180 1163 
4769 5378 
3881 5378 
2608 5379 
1633 569 
656 1170 
