1108 6646 
3415 9334 
6334 10750 
850 15221 
138 15221 
13011 15221 
2216 5970 
15753 14979 
575 10750 
14618 7465 
2704 15754 
14618 12096 
11710 8909 
1138 15744 
2704 8667 
1108 7885 
3607 15755 
2446 15755 
1248 15755 
13898 15756 
15757 15751 
850 15758 
5185 7905 
6987 8909 
724 2704 
1350 15221 
5493 15758 
14125 14125 
410 15687 
5493 5457 
4633 15759 
2252 14344 
12422 15687 
4952 15544 
12385 2704 
6126 2704 
4769 15760 
6174 14344 
111 5127 
15750 405 
43 5127 
15761 366 
4769 15760 
