16179 16299 
3320 11713 
5130 17268 
5185 14762 
4072 8738 
14012 17228 
2599 10561 
546 4160 
15770 15770 
1611 15770 
13156 13973 
1611 11713 
877 17832 
901 17686 
6126 293 
14618 901 
850 901 
6367 17833 
17834 901 
8660 901 
2315 2315 
17835 901 
572 914 
17836 901 
5093 8514 
17824 17809 
29 914 
8014 8816 
13388 901 
10659 7750 
17824 7750 
15220 1697 
4902 17837 
7901 17367 
17159 17838 
1350 901 
14089 17837 
3881 17838 
14476 14098 
4896 17367 
6358 17809 
3842 901 
12054 1940 
111 8167 
