621 620 
406 584 
134 140 
585 77 
625 298 
626 620 
120 298 
627 620 
26 140 
626 620 
555 606 
182 146 
26 298 
140 352 
140 514 
600 1 
20 29 
517 146 
26 77 
43 77 
77 20 
43 20 
20 20 
15 628 
27 629 
101 77 
101 629 
517 608 
618 618 
43 629 
613 630 
388 238 
562 631 
110 631 
613 631 
504 608 
463 561 
475 632 
616 618 
385 632 
504 632 
624 624 
600 633 
616 631 
613 304 
204 77 
134 389 
224 29 
15 634 
562 618 
57 184 
146 304 
121 635 
636 371 
634 304 
15 444 
84 184 
287 637 
43 638 
96 110 
268 110 
453 637 
194 635 
268 110 
268 110 
433 408 
268 110 
43 110 
199 273 
618 618 
487 89 
639 110 
517 146 
15 43 
273 631 
29 631 
4 631 
74 273 
158 202 
14 631 
47 631 
394 638 
564 640 
184 641 
564 60 
642 406 
585 534 
643 620 
158 640 
532 273 
47 233 
140 184 
233 641 
146 644 
298 644 
645 620 
333 641 
110 641 
366 77 
43 640 
431 233 
388 233 
562 223 
121 184 
590 43 
