8376 10625 
5972 10626 
9041 10620 
6126 10625 
4902 10623 
4902 10626 
6425 10627 
4902 10625 
4446 10136 
6443 4560 
5437 10610 
4902 10628 
10628 10628 
111 3086 
77 4446 
9842 9510 
4297 10582 
10629 1828 
4902 8543 
9830 4221 
3126 10511 
293 10630 
293 10631 
726 10632 
2957 9639 
1050 10483 
10633 10634 
1050 9371 
7503 9084 
2569 2782 
644 9084 
10635 9084 
4809 1896 
5365 9602 
111 9393 
7407 10636 
3847 9393 
2351 10106 
2704 9602 
1115 3263 
2996 9602 
7503 9393 
9899 10637 
575 10465 
3390 2114 
8670 8670 
6193 10636 
10638 10634 
6193 699 
43 704 
