2996 3516 
86 2629 
27 4086 
1542 4086 
2136 5161 
5165 420 
995 3201 
95 405 
517 1841 
4446 5167 
3247 4072 
1995 2429 
901 834 
446 4072 
856 5168 
901 679 
4005 1841 
138 4795 
5085 679 
5169 1652 
2214 1841 
2411 1890 
1947 2429 
3207 4072 
368 1890 
27 3189 
3823 4845 
3823 2214 
5093 1890 
2963 5170 
3364 1890 
5171 1652 
2640 1767 
759 309 
2256 5161 
3320 346 
627 5092 
459 4854 
1234 1247 
1522 3540 
1522 459 
5172 890 
4684 1350 
2569 1652 
687 1439 
5172 3247 
2248 5162 
4974 4974 
656 656 
5172 5092 
2875 1350 
2868 5161 
2092 1890 
1197 1439 
5127 5127 
77 1190 
