850 1323 
2216 2754 
385 2750 
575 2755 
20 2676 
2629 821 
459 821 
1556 2756 
1951 2755 
15 726 
1350 1170 
1489 298 
2411 2757 
526 2032 
2216 2198 
1951 2464 
613 1935 
2098 2756 
2758 184 
609 2676 
2633 2757 
1867 2676 
1288 2759 
109 2676 
1400 298 
575 1323 
2714 2754 
1236 1190 
2760 2757 
287 2242 
2077 629 
504 184 
995 2676 
204 2676 
2717 726 
837 2676 
726 2621 
1050 2621 
1638 2621 
2017 1863 
562 1935 
1611 2711 
2711 2711 
1300 935 
1050 2761 
1259 76 
150 2711 
1350 2762 
1050 877 
15 1968 
2675 1190 
2450 77 
2629 1603 
459 1603 
2215 1603 
2763 2541 
677 2711 
2764 1935 
2629 1753 
1890 1753 
459 2753 
2725 2753 
193 2711 
2092 2629 
1611 2541 
679 679 
2029 2676 
572 1603 
153 679 
31 2676 
1259 539 
84 204 
1259 1643 
2765 1935 
283 77 
2548 539 
327 539 
98 1749 
2766 1863 
2763 2136 
2113 2638 
153 2638 
1259 2676 
182 548 
1197 2727 
1738 396 
1259 2425 
2763 2727 
