1408 503 
459 503 
1658 1693 
1307 238 
1170 1170 
1259 798 
34 34 
1259 1326 
233 569 
1532 1170 
368 1129 
428 137 
1259 569 
1155 1129 
459 1683 
1729 204 
1552 808 
1670 1170 
1630 1190 
1718 850 
4 808 
1045 945 
1390 1390 
285 1259 
1390 1390 
1408 1 
104 20 
1050 1050 
1730 1336 
945 1259 
1408 1408 
1593 1 
43 837 
1108 60 
1282 81 
850 1732 
1718 1732 
1733 1732 
43 503 
759 1718 
74 1718 
1223 945 
1480 459 
1718 1734 
1670 501 
1309 667 
1047 1735 
808 1736 
1199 1736 
459 1736 
785 1737 
284 664 
945 1737 
