1513 11356 
2550 2281 
7735 2281 
11360 47 
3093 2281 
5972 3532 
9764 734 
10659 11329 
5180 10538 
11361 2287 
3906 10538 
11362 9008 
84 11363 
10644 10886 
5972 11364 
1108 8907 
34 10886 
9764 734 
1784 10886 
11365 11366 
11367 2764 
10659 1086 
724 10828 
11368 4003 
11279 2764 
6193 3955 
96 7432 
5972 3578 
10659 10907 
8772 2287 
6987 10426 
4902 11364 
9041 2764 
3540 9639 
3018 11369 
1513 11370 
5504 11369 
759 9639 
10842 34 
7832 10362 
1656 2287 
8494 300 
8494 883 
1572 3607 
11371 11370 
9819 5087 
3295 6214 
8660 6214 
5084 3369 
11372 4073 
5279 7432 
759 10621 
11373 11373 
6358 11374 
9701 5883 
2550 11374 
4011 2175 
