4902 5403 
965 4246 
27 3888 
4902 5404 
4902 5405 
5406 3881 
89 950 
1851 5407 
1890 5127 
4643 5127 
4902 5408 
4005 5408 
4692 5405 
57 950 
5409 4403 
3394 2287 
158 950 
4771 5410 
3553 1589 
1361 995 
4902 4845 
4643 1589 
4769 5405 
1352 4902 
77 4902 
1542 2411 
4902 2411 
4005 2411 
1961 2199 
1452 5411 
3643 5411 
1738 4902 
4902 4902 
5360 1029 
997 4902 
3095 3308 
1452 3308 
140 950 
5052 4902 
4470 947 
894 2199 
726 4007 
459 5411 
476 4985 
1611 3308 
3034 1963 
77 3308 
134 3308 
134 5411 
3411 4880 
1611 4902 
134 5408 
1851 4007 
405 5411 
4795 4902 
4625 4902 
1611 4902 
5172 4902 
1611 3684 
3986 5411 
3643 4902 
4220 4902 
27 5412 
5218 5413 
901 4902 
194 4902 
5414 5113 
4631 4902 
5415 4072 
4005 5416 
4902 4902 
5374 5417 
4754 4902 
27 837 
759 4470 
569 4470 
2187 4902 
1714 4902 
5418 5361 
4795 4902 
380 4470 
1381 4246 
1939 950 
1050 4085 
1760 86 
1797 950 
4692 4880 
1452 4085 
5136 4246 
1248 3484 
4934 4470 
5172 3054 
1611 5419 
5279 5420 
1985 1234 
901 4902 
199 4470 
5421 5419 
2785 4470 
2868 1525 
3051 4902 
4129 837 
