268 2214 
43 2714 
182 638 
1259 1522 
1542 2092 
1645 1847 
2187 2281 
1803 1748 
681 3478 
173 3388 
815 3281 
1960 2281 
901 2329 
815 728 
44 1173 
15 309 
1062 2875 
1224 679 
562 3479 
1784 3388 
2983 309 
821 668 
687 1847 
57 2214 
2711 2875 
2960 2411 
834 2963 
1611 368 
3480 347 
1611 3481 
2214 309 
2214 309 
1248 2576 
256 3388 
3364 3388 
194 668 
3331 347 
1489 309 
445 2049 
1338 2087 
3088 3459 
837 347 
459 459 
2021 3245 
3093 2281 
2267 3283 
1947 2963 
2214 1234 
3458 3459 
2566 3072 
3482 3459 
2252 347 
3320 2963 
3447 97 
2671 2671 
509 1847 
3425 3459 
159 3479 
459 2847 
1704 3479 
2868 3483 
3484 3459 
850 2576 
2053 273 
1251 2491 
2633 2491 
3332 3332 
2760 3485 
3170 3485 
1234 1234 
372 3485 
44 2491 
2541 2420 
278 2281 
2681 2681 
1847 2420 
2884 2420 
3186 2420 
997 347 
1541 2420 
3093 77 
3093 77 
2758 78 
