333 31 
770 966 
459 43 
539 1025 
505 1021 
368 220 
220 220 
134 1025 
98 1025 
450 1013 
892 1027 
194 304 
368 1027 
517 442 
785 1021 
194 231 
194 34 
15 585 
368 34 
892 65 
1028 31 
720 34 
656 656 
182 517 
372 698 
31 34 
77 834 
194 77 
31 77 
785 77 
819 943 
312 1006 
65 77 
768 1029 
134 834 
194 1027 
1030 1013 
193 1029 
768 97 
368 77 
194 77 
43 459 
15 97 
966 505 
74 97 
964 31 
150 459 
197 77 
375 1006 
368 31 
553 569 
98 97 
15 65 
182 251 
77 187 
656 656 
555 585 
1031 698 
182 1032 
408 77 
953 77 
110 77 
1033 184 
505 943 
173 569 
505 569 
505 569 
406 991 
48 27 
153 77 
153 304 
1034 1035 
