2122 4633 
8948 8372 
3264 2374 
8660 1239 
2451 1378 
4902 1378 
2451 1378 
6751 76 
5471 4593 
453 9414 
3842 9415 
9416 76 
4297 1560 
2763 9417 
453 3881 
4010 9320 
238 6796 
1784 1378 
2356 4729 
6964 9418 
2621 9419 
418 9320 
8660 9418 
4096 9418 
5185 9419 
453 5892 
7073 9420 
7804 9421 
9422 1893 
7710 9423 
4297 4631 
4261 4633 
2753 2753 
4593 9420 
9199 8800 
5612 6796 
8014 960 
8948 8800 
9424 4838 
4122 3684 
4631 4633 
1355 9336 
9425 9336 
2963 3929 
9218 5493 
9426 454 
5380 9095 
4593 571 
9427 9313 
1197 9391 
664 4729 
4972 2867 
