6422 2309 
6944 194 
6422 1940 
5185 7026 
726 6241 
47 1251 
4769 7027 
458 1251 
193 706 
945 7028 
193 7029 
3230 4497 
7026 7026 
1619 1251 
4497 6883 
1738 7030 
4902 118 
346 7031 
76 118 
4477 6443 
3034 1928 
5649 6535 
1247 6241 
6965 6965 
1247 960 
6111 457 
2029 1247 
2885 1776 
1452 7024 
3226 6535 
7030 379 
1598 6470 
6899 6319 
2210 7032 
7033 5519 
7034 2909 
5833 4027 
935 2909 
1092 7033 
2216 1188 
7031 7031 
3881 3881 
7035 6710 
103 103 
6370 3888 
5481 3054 
2714 6710 
2768 726 
171 6831 
3986 7036 
7037 7036 
43 2105 
1790 7038 
6443 726 
726 6923 
