57 146 
459 223 
613 406 
388 159 
646 647 
600 184 
146 647 
504 184 
188 204 
121 431 
504 1 
539 76 
158 1 
34 34 
613 1 
1 1 
166 1 
44 1 
84 223 
122 43 
648 202 
565 1 
649 43 
650 332 
651 652 
450 1 
551 77 
653 157 
654 223 
655 624 
236 618 
194 652 
26 389 
656 585 
182 332 
504 332 
264 1 
81 611 
657 408 
223 77 
657 408 
657 408 
653 428 
77 658 
389 658 
653 26 
77 611 
134 223 
504 611 
441 611 
84 101 
526 640 
608 402 
615 1 
44 264 
139 601 
139 583 
15 368 
368 659 
80 660 
75 264 
15 656 
75 660 
346 659 
555 429 
44 656 
130 408 
505 660 
505 280 
123 661 
436 662 
204 441 
43 441 
562 662 
505 77 
562 77 
505 408 
231 663 
488 453 
43 656 
656 128 
664 662 
77 663 
173 77 
15 665 
459 666 
153 441 
15 8 
70 1 
15 71 
44 667 
668 264 
