2215 2073 
6510 4677 
4010 2073 
7686 295 
6721 13363 
6510 791 
13672 9510 
572 1291 
1532 7202 
6551 13647 
2892 4677 
13673 459 
8431 656 
1784 530 
1890 11329 
7186 4677 
1343 13674 
2215 785 
770 13674 
4631 13675 
1611 13624 
11414 13624 
11038 10216 
13676 4363 
11414 13624 
11914 9987 
6721 734 
13488 13488 
644 13535 
7577 382 
4751 734 
2351 12896 
850 13675 
2216 13081 
4952 5116 
13677 13677 
5640 12853 
6721 12853 
11038 13678 
13320 13675 
13679 8196 
12087 13675 
13314 6306 
4732 13393 
431 13675 
