74 2029 
3455 9880 
3008 199 
5305 9890 
4902 616 
9870 9897 
1350 7559 
9898 7394 
1350 7559 
9899 9897 
9618 7559 
9778 9411 
3872 571 
1714 616 
9319 1280 
6126 8828 
293 9890 
1062 9360 
7078 2281 
9602 9900 
3553 616 
138 2029 
7078 1234 
389 9319 
4756 5066 
7407 9878 
8376 9623 
4633 9901 
4397 9901 
3540 9846 
9238 6204 
2608 9360 
1985 8805 
1355 1355 
2608 9871 
1050 1170 
7150 9090 
5612 1355 
2704 9350 
1738 9672 
9238 6627 
2892 8805 
1050 9902 
4769 9903 
9904 6381 
4769 293 
6645 9805 
3686 5883 
9066 2704 
4902 2704 
4104 9319 
4902 4027 
3095 4027 
724 4953 
7708 6381 
2758 9905 
9764 6381 
