2481 4902 
4363 5411 
3881 3881 
3733 4902 
530 4902 
4500 4902 
4809 1029 
3425 1458 
3610 4902 
194 1963 
5422 4902 
726 1542 
995 5423 
4005 5424 
616 915 
4005 915 
504 4902 
1542 1542 
5425 5426 
2711 4902 
834 4902 
4477 5417 
5426 5426 
1890 13 
3364 5424 
1611 5427 
84 5428 
3320 288 
5429 2425 
2187 4902 
1452 5419 
4477 2299 
4072 5426 
86 5424 
4477 667 
4692 5151 
2481 5430 
2481 5431 
2309 2309 
153 5411 
5185 5432 
5433 977 
3798 2429 
134 2429 
4470 877 
5434 5427 
459 2157 
4470 5303 
134 5435 
960 5435 
34 98 
2022 4641 
5172 86 
2958 98 
116 475 
879 5436 
638 5419 
5437 5427 
2022 1285 
3847 5432 
1381 5438 
1611 4845 
1995 5439 
453 5440 
4072 5440 
4397 1086 
850 807 
1030 5436 
138 2157 
5441 5442 
5185 5162 
43 5387 
5412 5249 
