1259 1392 
346 1392 
1099 31 
785 1392 
572 1392 
616 1571 
1248 74 
1029 1594 
1142 1586 
1489 167 
1531 179 
1599 1335 
1248 1170 
43 1392 
1600 167 
158 960 
102 1247 
1368 1170 
368 1190 
1247 1288 
31 1046 
80 1335 
1247 960 
1509 1288 
182 1455 
299 1601 
1259 1288 
1247 1288 
1400 1602 
1343 1170 
1247 824 
757 1170 
1021 91 
1593 77 
158 91 
837 91 
995 1602 
136 91 
594 31 
1209 1505 
91 211 
1134 179 
1029 1590 
1062 850 
224 1099 
453 202 
224 1603 
1234 1602 
429 91 
856 1099 
1234 1439 
1234 1360 
1604 202 
905 368 
