4500 505 
138 4200 
850 4470 
2714 4200 
3610 278 
687 74 
2061 4416 
15 4056 
4501 3364 
4072 3364 
1291 3364 
388 224 
156 3364 
2714 3364 
850 3364 
81 3364 
368 3364 
3928 3364 
2061 3364 
2479 4309 
3425 4416 
4261 656 
224 4502 
2871 3095 
1951 3095 
4503 278 
3333 3364 
2136 3364 
2136 3364 
4125 4200 
2136 3364 
2136 3364 
1962 4504 
2714 4505 
4506 2406 
1951 4505 
564 4505 
4125 4507 
153 4309 
1350 4504 
1350 4200 
3247 3364 
4452 807 
1343 4504 
2351 3364 
1902 3364 
204 4504 
837 3364 
34 4504 
877 3364 
3554 4507 
4508 3364 
4509 3680 
2411 3364 
4467 2211 
759 898 
150 4504 
177 3364 
973 1190 
1259 1767 
2486 3364 
315 4042 
3881 2904 
1381 4510 
1598 898 
2215 1767 
4510 3759 
4271 4042 
396 2406 
4477 4511 
1550 459 
383 74 
677 4512 
1611 4028 
4163 4513 
3308 3364 
3770 1767 
2136 3364 
2136 3364 
3383 2554 
3825 4048 
1963 1190 
2206 1749 
138 2904 
3924 679 
2963 679 
3613 34 
1805 4028 
3383 3825 
4514 4513 
3051 4220 
2055 4515 
412 4293 
4397 3525 
2905 3364 
