2934 1355 
2934 1355 
459 1853 
2711 2175 
2021 1224 
256 278 
390 278 
2924 2935 
256 278 
1768 1224 
2936 2935 
2548 2726 
1461 278 
2811 278 
2937 949 
445 2245 
1890 1350 
1784 1350 
2938 949 
564 1350 
1633 1279 
2790 450 
1855 2939 
1343 903 
1350 2939 
74 1162 
1350 2940 
2941 278 
837 1224 
2548 450 
2029 78 
2843 1618 
1860 450 
2942 2727 
2548 656 
834 2727 
718 278 
194 2943 
2411 431 
2714 2940 
445 2944 
1350 2943 
194 949 
1619 2727 
44 2920 
2211 2945 
27 2943 
1247 759 
1809 570 
2215 1753 
2429 2940 
2216 2946 
2763 309 
537 1224 
2214 309 
278 309 
2827 2926 
679 309 
1768 759 
2725 309 
1867 1776 
831 309 
2897 1355 
2228 2935 
2725 2233 
2947 2944 
2713 1355 
2875 2939 
1890 1753 
2725 2948 
278 2175 
412 2211 
153 2175 
1078 1224 
2949 1992 
15 1992 
575 1618 
2905 2950 
