2411 883 
4577 3957 
2090 965 
1456 42 
1769 2856 
4609 4610 
2640 2407 
3327 4467 
4611 4557 
2640 1767 
3247 692 
1769 1725 
1995 13 
2714 20 
315 4042 
1458 4467 
1797 4467 
15 818 
278 4606 
1458 2856 
1611 4467 
850 3484 
2640 1768 
4096 1752 
368 4220 
4612 3627 
2411 20 
4613 4593 
2640 3364 
2640 31 
2640 73 
2711 4545 
1995 2370 
2785 3095 
2785 968 
2764 4369 
3627 4527 
1138 883 
238 4527 
2785 4081 
4614 33 
153 33 
850 4615 
3095 1902 
850 2704 
298 4072 
3516 4072 
3643 4072 
43 4072 
3652 4072 
569 4072 
1890 4517 
1995 1560 
1601 4072 
368 4072 
2640 1767 
300 4072 
459 4072 
4616 4072 
2637 4072 
47 4072 
572 4072 
726 4072 
2711 4072 
3051 4072 
