4902 16861 
16862 7348 
8424 6987 
6174 16863 
14142 818 
5972 16864 
16395 818 
4952 7767 
13317 16444 
3553 312 
16179 12299 
8276 1761 
4072 1761 
1589 16865 
2963 312 
15598 9479 
4397 16749 
3540 14928 
10659 16866 
7686 16867 
9628 9005 
15195 13155 
15220 14928 
9865 14928 
12054 12299 
372 16868 
5724 16212 
15550 16869 
5518 16870 
14089 6008 
382 15598 
1890 15865 
111 16871 
9715 2321 
1352 9479 
609 16868 
1614 13987 
9560 13844 
1614 16863 
15481 16808 
1995 1828 
1985 16872 
5180 1163 
16873 6943 
465 15865 
13806 16797 
11038 16863 
