10142 8445 
835 64 
7804 6113 
3881 3239 
7753 3239 
7202 64 
43 7407 
4902 10143 
43 10143 
84 4902 
6751 9602 
571 1503 
4274 10144 
5172 9236 
8276 9602 
4902 312 
4902 4458 
5172 1503 
7804 5127 
293 3337 
7078 2856 
10056 7898 
9764 7898 
6987 4458 
4034 4458 
4902 613 
7078 613 
453 7898 
10002 7898 
638 7898 
2215 10145 
6140 10146 
2764 613 
10147 8785 
3881 7898 
6174 5127 
4633 7898 
2714 7407 
4593 4458 
10148 9517 
44 8445 
1890 4633 
10126 10126 
2481 10149 
5305 9479 
709 1247 
4902 10150 
1248 7288 
10151 8472 
2640 4795 
10049 9479 
562 613 
6113 7665 
