1888 1803 
44 2997 
173 1632 
3533 3264 
1452 9 
1738 3531 
2446 687 
57 846 
2254 3527 
2021 616 
2811 2073 
1760 84 
1452 2175 
1197 687 
3534 3535 
2976 616 
1760 3295 
3387 3387 
3383 2088 
925 1714 
459 571 
120 3536 
3537 27 
3247 3536 
888 97 
2976 3538 
1541 3536 
1062 2875 
1503 3536 
571 3101 
3331 3101 
1760 3101 
1760 567 
3531 3531 
1408 1468 
3327 3539 
294 567 
726 2425 
285 2425 
3516 1763 
3516 1628 
1611 1050 
453 1632 
3519 9 
3540 2214 
3541 2821 
2982 2811 
3542 3543 
3487 3315 
3138 3430 
2714 3543 
3544 1115 
459 2287 
3545 1893 
2571 3315 
2088 2088 
442 3546 
3547 77 
285 2425 
48 2425 
3548 3387 
3320 3479 
1817 687 
539 4 
111 2287 
473 77 
1845 3549 
2073 3531 
