15067 5440 
1350 10865 
15068 15069 
10659 6180 
4261 15065 
5180 10865 
6316 10865 
8098 15070 
15067 14758 
4263 6718 
5958 1408 
312 3954 
3291 14490 
1343 11666 
138 2785 
15071 6049 
7753 12934 
1611 15072 
10616 15072 
6174 15073 
1943 15074 
15075 15076 
10659 13907 
901 76 
14394 2713 
4454 15077 
1870 15078 
1828 1828 
835 14142 
14618 15079 
8948 14088 
2704 7898 
4902 4992 
2704 15080 
14473 15073 
138 4481 
12011 11666 
8948 4992 
3781 7898 
10810 10810 
4072 4992 
15081 15082 
1355 15036 
1350 10865 
