6510 12400 
8819 13066 
9819 13160 
13161 2612 
10194 2673 
5180 13162 
9865 13066 
3553 10204 
13163 5249 
9238 13164 
4732 12484 
10644 5249 
4072 13159 
5896 2785 
13165 13166 
4497 7829 
3553 8460 
13167 9479 
4631 8460 
6126 13168 
724 13169 
202 10807 
9044 13142 
4454 10659 
6751 11688 
13170 11688 
9819 11267 
517 13066 
5185 10807 
1352 2535 
9846 10807 
10494 6178 
1194 13066 
4936 5972 
8431 9154 
4446 13066 
2892 13171 
2599 13066 
9715 11623 
12316 11688 
11248 13172 
95 13173 
8660 13173 
4229 8739 
7078 8589 
2704 13174 
6751 2535 
3440 8550 
