1839 6189 
3877 4381 
3928 6212 
77 3364 
3095 3715 
4011 6266 
410 6266 
4729 3364 
5298 6267 
156 3364 
5972 6266 
2246 2087 
4011 1173 
3643 67 
1452 248 
156 1725 
442 248 
6268 1922 
6268 1173 
1696 1725 
312 1725 
2871 3095 
4353 2114 
5180 6269 
6243 3881 
4167 5520 
1611 1173 
6270 724 
1611 6246 
3394 278 
1995 4220 
4043 278 
4643 2087 
1664 6269 
1805 5365 
6271 724 
5113 6253 
6272 1928 
3560 6273 
3872 6274 
473 6273 
798 4593 
4682 4593 
2868 4593 
3697 5989 
3084 1928 
4167 6275 
2009 5365 
6166 134 
872 1407 
3846 4530 
4692 1453 
47 6276 
1721 6275 
6277 1407 
1890 2287 
1890 2983 
