1452 4373 
2206 2454 
1851 7228 
134 134 
153 3607 
453 7345 
6935 31 
5972 7352 
2481 3230 
111 31 
526 7351 
5972 7353 
1611 7353 
7354 1380 
7123 7355 
1343 1343 
562 6669 
2935 3607 
97 6287 
1 97 
1 6370 
1379 1452 
5972 7356 
3516 7353 
3516 4077 
3516 7357 
6535 3607 
572 7358 
7357 7357 
1247 1099 
1247 7324 
6599 7285 
4732 7359 
4446 7285 
1805 7360 
1134 7360 
1050 1361 
2535 7285 
2136 7285 
1768 1099 
6334 1361 
7263 7285 
7360 7360 
1050 2629 
6501 7207 
5412 1361 
111 4872 
1963 7285 
7186 2629 
