537 1670 
3117 1099 
5928 1691 
4769 4961 
1784 4795 
6380 4961 
4363 4795 
153 5491 
6110 6293 
1760 8 
2049 76 
4756 4795 
42 5756 
6532 2411 
2599 1759 
2599 6533 
6532 2207 
2122 5087 
1890 3386 
2092 6505 
3086 2047 
5185 6525 
3986 6534 
1867 664 
3928 664 
3117 134 
6535 134 
5612 1316 
2267 6536 
1371 4 
3333 6536 
1678 1678 
6359 6536 
2429 1256 
850 1170 
6073 6491 
1259 97 
5412 3881 
3320 6537 
3593 4034 
4769 4961 
134 2374 
3117 3358 
138 6538 
6539 6540 
6448 6541 
6386 6541 
6359 6541 
5619 3386 
5481 4072 
