9510 13973 
9778 13973 
15801 66 
7885 7885 
1995 15623 
9238 8840 
5518 15802 
4072 15461 
1194 15716 
7878 14071 
14631 14138 
850 656 
1108 7885 
4568 15803 
202 15804 
7898 2893 
4407 3895 
3945 15793 
3232 9877 
4643 13973 
14145 15805 
6855 8907 
644 6683 
77 14837 
1177 6672 
3952 7279 
4104 15351 
2599 77 
14282 8936 
14618 14950 
8904 15604 
15722 15777 
613 6987 
5493 9479 
8922 12652 
9715 734 
1521 3895 
1521 8251 
1418 1099 
14308 410 
4643 1099 
14264 410 
15481 15119 
2094 13973 
1495 12652 
3518 15806 
7708 15807 
1197 1099 
4104 7083 
1248 7387 
15522 2447 
6126 12636 
