5180 15564 
16333 16881 
10659 19294 
138 19295 
7996 19295 
3781 17359 
6174 17359 
17359 17359 
410 17359 
7804 17688 
19296 17359 
194 17359 
1805 17342 
2061 19297 
1805 19298 
3159 19299 
11358 19300 
2187 19297 
8449 8449 
7407 17342 
9692 8655 
11914 6134 
15220 3807 
2388 17342 
162 19301 
77 19302 
7780 11465 
3394 17688 
18352 13045 
12178 17791 
1805 3807 
5421 3807 
19196 19303 
1738 19181 
10871 1170 
5185 19303 
194 13045 
10668 17389 
1632 18797 
11859 1021 
7804 176 
2534 1021 
7804 16808 
1248 2725 
19095 1021 
