3305 571 
3320 3451 
238 3451 
2588 575 
1875 2960 
2021 3316 
681 1350 
1541 3451 
15 312 
3453 821 
20 3372 
609 3454 
15 3372 
2113 3372 
3295 7 
3364 575 
2548 283 
312 1460 
1368 3372 
1288 3446 
1963 3372 
1714 2094 
2893 2216 
850 1738 
1288 2323 
8 3107 
3093 3093 
3086 3455 
194 3107 
3064 3372 
2411 3455 
1730 1714 
3414 2673 
2187 1738 
1509 2782 
2853 571 
834 1714 
2548 7 
2760 2570 
2714 1247 
2811 3315 
34 3372 
2982 256 
2982 3372 
1851 968 
3453 31 
690 3455 
3331 3107 
850 1288 
257 2704 
42 256 
194 1046 
1738 2570 
2958 1714 
2029 157 
34 256 
84 3417 
2982 459 
2323 3417 
3419 3456 
2963 3417 
15 3456 
2711 1288 
3261 3107 
3364 3456 
3457 571 
3002 1345 
3247 153 
3308 3308 
3458 3316 
1452 3107 
3170 3445 
1867 3459 
3316 3458 
1867 513 
571 2091 
1947 2110 
3425 2875 
3316 1134 
1541 2091 
2459 3456 
831 1134 
278 1247 
1288 2091 
1288 2207 
2214 1134 
3248 80 
3460 2207 
153 1749 
2633 1749 
2714 3459 
1805 3461 
57 2207 
2963 1749 
562 616 
3316 3413 
2090 3462 
850 2875 
408 2 
2884 3463 
109 3459 
1738 3087 
905 1749 
3438 3464 
