74 1170 
1306 1173 
153 877 
43 1170 
43 1304 
43 26 
726 1291 
194 1173 
389 798 
34 1170 
193 874 
44 1247 
995 1288 
616 1288 
459 925 
1307 43 
539 903 
1280 1308 
1267 501 
1309 608 
74 1266 
1300 598 
1259 798 
1256 1129 
204 1129 
204 1308 
1209 1256 
44 925 
1256 960 
26 77 
1282 862 
43 1310 
1300 1082 
1259 101 
402 688 
916 903 
770 26 
726 609 
98 26 
564 1311 
1280 895 
1312 807 
1313 8 
1314 77 
1203 1308 
1282 279 
1312 807 
1288 807 
459 598 
194 598 
20 598 
1268 1268 
1315 598 
109 569 
43 598 
20 598 
109 834 
368 598 
