2704 2175 
3034 704 
905 10771 
10355 11261 
9513 11262 
138 11261 
5092 11164 
1890 11262 
877 656 
1682 6831 
4497 11258 
7686 10907 
1890 1975 
4032 11261 
6193 11262 
3540 11263 
7008 2157 
3411 7946 
850 3607 
9870 2958 
10646 6669 
1197 11164 
4902 11264 
3842 11265 
616 1980 
7733 7733 
10580 11265 
5972 11266 
6457 7733 
4497 11267 
1187 11268 
11038 11264 
3230 9639 
11038 9423 
11038 704 
4407 11269 
6578 616 
4593 2022 
3034 11178 
4261 11266 
11270 11271 
613 11269 
202 4633 
11272 2899 
1851 10293 
11272 2899 
5950 11270 
11273 3945 
2351 2658 
11038 11266 
465 4633 
5941 1049 
11038 11274 
1138 4852 
6987 10907 
1108 11274 
2711 9639 
