3369 3425 
3941 4031 
3660 4025 
2021 821 
2446 3425 
4005 4027 
3850 3425 
238 3850 
2481 3425 
2061 3549 
1890 1099 
3387 3549 
459 3850 
20 3285 
1452 2175 
2763 3285 
1408 4022 
4032 3425 
2021 3285 
3364 3285 
1509 4033 
4034 268 
2637 3549 
278 4031 
95 3285 
256 1957 
4035 4036 
1343 3904 
1951 4036 
2187 2218 
1696 3285 
1761 1960 
1761 3932 
3578 1986 
768 1963 
569 459 
3840 1986 
1248 459 
3095 1247 
3095 78 
48 4029 
3453 31 
3660 1986 
1611 3961 
459 459 
346 1270 
2319 2576 
945 3913 
8 268 
445 1986 
5 1986 
4037 202 
287 3863 
2211 4026 
537 1986 
2454 1986 
329 1986 
2576 1986 
80 4038 
2576 4039 
1134 3542 
2714 4026 
883 4039 
2433 3425 
596 329 
850 459 
1851 3285 
1050 118 
1115 1986 
3823 2704 
1611 2319 
453 2995 
883 2995 
2021 2535 
3823 3542 
1645 3542 
596 329 
2704 3239 
3840 4040 
537 4040 
3886 3369 
4005 3239 
2714 3239 
2963 569 
3881 1741 
2763 686 
3098 686 
459 686 
4041 1400 
442 4025 
