2976 679 
2976 3128 
2760 2107 
3222 850 
2976 960 
126 2414 
2548 2414 
2021 2479 
3233 2414 
2446 3234 
3234 184 
3159 1350 
62 1939 
1078 3002 
1853 1542 
3108 3170 
3009 2175 
3235 278 
850 3044 
2976 3093 
3012 1046 
1541 1046 
2049 1046 
2963 3236 
1108 158 
1190 1046 
2976 3086 
2425 2425 
1134 732 
81 732 
3237 1209 
837 408 
1197 3086 
2021 1262 
445 732 
1247 3194 
2256 3238 
1050 141 
2021 2494 
2763 2494 
2358 679 
2958 880 
2411 2175 
850 3234 
2760 3239 
2643 880 
894 880 
3240 3241 
3231 570 
2411 2704 
2704 3239 
1761 3022 
850 3231 
96 3239 
726 537 
2559 3234 
3242 3051 
2351 2201 
3000 2201 
2021 2111 
2113 3231 
2481 3231 
