945 2405 
368 312 
2215 2405 
905 1805 
1902 2435 
2216 3 
101 48 
1768 236 
1744 2241 
2436 2437 
1215 2428 
850 309 
2436 1851 
77 31 
380 31 
86 808 
698 31 
1209 1851 
2438 81 
546 233 
1197 1439 
2436 778 
1400 2439 
1236 778 
43 888 
1247 856 
1030 31 
389 2439 
162 2440 
265 778 
27 778 
679 1836 
145 1247 
1788 354 
1408 2441 
1134 354 
1545 31 
2442 31 
1788 77 
1704 778 
1611 354 
1050 2443 
459 31 
960 2442 
1762 13 
2444 13 
2256 13 
905 2245 
2437 13 
1247 2244 
1247 569 
1050 202 
1947 1851 
2445 675 
2446 1633 
1951 1633 
1890 808 
2021 2175 
850 2143 
27 2179 
2429 1728 
1522 2439 
1704 2029 
1030 2370 
76 202 
284 1070 
183 2441 
1638 1638 
182 202 
453 2441 
1951 1951 
2021 2179 
1197 687 
76 539 
1259 2447 
905 1633 
346 2370 
2239 2447 
1259 569 
