3095 4633 
4902 8330 
4732 4648 
6126 8331 
3415 4397 
3950 7514 
3950 3950 
4795 8332 
3117 34 
5298 7514 
2681 5427 
8333 3369 
2481 1691 
6193 2594 
759 2785 
1248 8332 
8302 4261 
7368 4104 
2090 8330 
8334 3755 
1890 2594 
8335 2925 
8336 4281 
1718 2785 
7674 2925 
43 2704 
837 31 
1050 2704 
1760 2704 
453 3755 
1343 8337 
3540 1190 
1797 1797 
138 2785 
3540 8338 
546 4633 
2599 8262 
1309 1108 
8339 4281 
3095 8023 
4072 8340 
3018 7183 
7900 4134 
2892 5127 
8341 7183 
2285 6501 
2481 7183 
