15 1582 
2543 284 
609 609 
537 293 
2612 2613 
1377 27 
453 1045 
2021 2614 
278 154 
502 2615 
8 2615 
1522 608 
1888 332 
2216 2613 
2612 1291 
1890 154 
20 154 
2252 332 
1541 332 
903 608 
2616 298 
1768 2374 
2617 2543 
84 2543 
575 2017 
20 2618 
43 2118 
2619 689 
1197 20 
188 2549 
193 346 
380 298 
526 2615 
89 284 
1247 522 
1134 2615 
770 2118 
1209 2246 
1209 1677 
1259 154 
1005 2118 
609 2620 
1005 1005 
1768 1980 
44 2470 
2359 539 
2621 2622 
2621 2266 
1535 656 
537 154 
2033 1656 
2319 293 
2623 90 
2599 27 
2094 2017 
2029 522 
679 2621 
656 278 
284 154 
43 2246 
1371 154 
2359 539 
572 204 
1855 2624 
1753 1247 
459 204 
2319 2319 
562 76 
84 76 
20 1552 
238 1552 
84 2111 
537 2625 
870 2625 
293 2611 
2021 2626 
293 2264 
