7686 5928 
2824 450 
10222 10223 
1890 10224 
4446 6152 
5791 450 
7804 3577 
1784 8482 
8778 10225 
9764 10226 
4163 450 
7804 7358 
2599 7358 
2351 5127 
37 4048 
5375 4633 
4902 4458 
1611 6987 
7804 3577 
1963 6987 
759 3781 
1963 6987 
1589 6987 
7804 5346 
3953 4633 
7895 77 
2083 10227 
8058 4633 
7895 259 
4363 6987 
2963 7358 
7578 6987 
158 6987 
1748 901 
7082 6987 
656 656 
8913 5928 
656 6987 
194 6987 
194 6987 
5093 9 
7123 7123 
3607 10228 
44 3577 
546 7202 
4715 6987 
120 4633 
7407 10229 
724 7358 
5298 9842 
8376 10230 
6358 450 
9764 10226 
6987 7202 
7804 10231 
2963 8196 
7804 8196 
7123 7123 
8778 450 
