2868 1247 
1962 5312 
6359 1190 
2136 1247 
1780 1247 
1356 5724 
1890 2983 
6359 199 
6359 1759 
5086 3733 
2215 1247 
4297 1247 
3095 1190 
4771 4065 
2711 3484 
3271 1190 
724 1247 
6331 6331 
6359 1458 
1790 1355 
4251 6370 
337 4065 
6359 3627 
27 1247 
6321 1190 
6359 3059 
4902 6255 
2892 6364 
6371 1247 
3159 1190 
2481 3484 
2905 6364 
6358 1247 
2856 1190 
759 1247 
468 1247 
5186 1247 
1980 1355 
1714 1355 
6372 1247 
3253 3484 
4769 6373 
3095 4902 
995 3002 
1050 6374 
2871 3226 
5497 3226 
3186 3186 
4297 1247 
834 5011 
4114 1247 
77 5162 
4877 2576 
2397 1247 
6375 6376 
834 6362 
1266 1247 
4269 5006 
3881 6135 
6377 98 
3320 2429 
5612 6378 
1259 1247 
3928 5011 
834 101 
3712 656 
315 5011 
1521 4114 
1197 656 
62 1247 
995 6379 
1350 656 
724 6380 
3540 6381 
2481 6382 
188 1355 
2811 1247 
687 656 
6367 6380 
194 6380 
4363 4753 
2599 4065 
4756 90 
