98 2193 
506 778 
504 2073 
1099 1468 
1379 2192 
48 874 
1365 1468 
1951 1468 
43 778 
1050 2194 
1704 569 
1704 2192 
2092 1280 
1246 1656 
459 874 
1259 1280 
1259 140 
123 1805 
1400 807 
1927 1656 
2077 522 
1434 807 
77 807 
564 609 
1855 807 
1761 2073 
2138 408 
2029 1323 
1730 1280 
459 807 
20 234 
492 1656 
256 807 
1400 2195 
193 2196 
2197 2195 
1784 2198 
679 808 
1784 1805 
726 2199 
1352 2199 
726 101 
2200 2199 
1209 684 
698 807 
945 2201 
2053 2198 
2202 77 
459 2155 
382 1248 
278 2199 
514 724 
204 2198 
2053 298 
2155 2203 
48 2136 
236 2198 
687 2203 
1813 1753 
298 856 
412 2198 
2094 1129 
1780 1468 
1890 391 
1542 1853 
96 1963 
236 1963 
1009 1040 
726 1963 
1248 1248 
1522 2195 
2032 1170 
2158 1853 
