837 78 
1138 569 
1259 1573 
70 850 
492 798 
167 136 
724 1173 
1574 1575 
726 1139 
98 1139 
698 1576 
158 1577 
726 1577 
995 569 
850 1576 
1489 1577 
223 656 
1392 1577 
19 73 
1496 656 
97 1577 
132 1577 
834 704 
1326 73 
1021 1577 
389 539 
1326 539 
386 539 
60 60 
298 1578 
298 874 
27 1578 
173 1577 
609 1260 
504 1260 
1456 177 
834 874 
77 453 
158 60 
372 453 
120 453 
726 453 
80 453 
1489 453 
837 1578 
1579 1164 
1400 453 
726 569 
43 1578 
80 1580 
900 453 
1581 1264 
1434 453 
900 1264 
726 644 
44 273 
726 34 
1553 34 
1553 76 
726 1280 
1352 1582 
1321 177 
1368 1576 
1583 453 
158 343 
687 1576 
158 1170 
173 1580 
539 1343 
1430 1170 
298 569 
1259 48 
1584 442 
850 1551 
287 1551 
44 459 
1585 76 
