4990 14307 
18868 19142 
4952 19143 
4007 19144 
5972 16359 
575 2493 
724 18538 
6174 9342 
3394 1853 
1108 19085 
14618 19145 
1350 2811 
3831 19146 
12036 18797 
1890 17688 
13626 3 
1379 1377 
19111 1038 
11358 4027 
17555 17688 
2714 4500 
759 19145 
5180 19147 
837 9196 
16644 16158 
1893 1893 
18797 4500 
2061 1118 
14818 14818 
2729 15680 
19148 505 
14452 19085 
6551 3807 
6334 13615 
546 43 
7708 3807 
2535 346 
835 5968 
19149 5968 
11631 15319 
2534 2534 
410 5968 
5093 5968 
15708 4072 
14089 19051 
7186 4589 
5180 16634 
17797 19085 
