1099 1350 
3516 1350 
2551 1350 
3247 1350 
453 1350 
539 1350 
2671 1350 
27 1099 
4454 1641 
194 1350 
2714 5146 
3247 4872 
1365 1641 
708 1350 
27 1099 
835 4302 
5150 1394 
1108 4043 
2711 3881 
1400 1350 
1248 3881 
5151 5120 
5152 1350 
4845 4872 
3938 1350 
4297 5127 
726 4974 
877 1350 
1541 1350 
901 1350 
834 4973 
834 4872 
1961 4974 
31 1350 
31 1350 
2061 2576 
77 1350 
77 1350 
3842 1350 
3842 1350 
1788 1350 
2215 5153 
4845 5154 
410 1350 
544 1350 
3320 901 
138 5092 
726 901 
4510 1190 
1225 1350 
2297 3356 
5155 5156 
2429 5156 
1611 2541 
