10501 43 
11038 10216 
5518 4951 
6987 4951 
8660 5752 
8328 8328 
9764 11796 
5093 4951 
1995 9233 
84 7837 
656 2704 
9387 6831 
122 8285 
6964 11716 
10867 10867 
2629 11749 
4397 8684 
10659 10505 
4497 8442 
3748 11797 
382 10236 
4692 2287 
138 11781 
575 7837 
6126 2073 
1682 2136 
5972 9479 
2963 2136 
3247 115 
5493 4951 
4261 11781 
11038 11798 
11462 11798 
1503 8684 
11038 8684 
10501 6085 
11562 11116 
5291 11798 
465 11511 
5883 5883 
2481 6763 
6551 6763 
5093 1099 
11688 220 
3986 11799 
465 5645 
10659 2480 
8819 7837 
1350 4951 
6126 11488 
2785 1247 
