2760 2995 
2633 3465 
1187 2995 
1247 3459 
901 135 
1031 1134 
153 551 
284 3465 
1108 3465 
945 2110 
2267 1749 
567 3464 
2267 3283 
2982 3466 
1760 1170 
2267 571 
1890 3283 
1288 571 
43 3283 
3364 571 
3435 571 
3086 2425 
2760 3467 
2267 2425 
346 2704 
3369 3086 
2392 3283 
681 1285 
3383 3093 
1738 2727 
129 3093 
1611 3468 
3215 2216 
2392 2214 
42 1288 
2963 3093 
1247 431 
1036 368 
1400 368 
2214 368 
1247 368 
2214 3469 
1343 3469 
1050 368 
173 1285 
2548 3464 
850 3086 
850 505 
3419 505 
3364 505 
850 97 
3470 3471 
679 97 
1270 9 
2905 2214 
15 3469 
98 78 
2982 97 
278 1288 
2113 459 
109 78 
3425 97 
3222 638 
1247 368 
2214 1760 
2053 2704 
3170 3472 
544 3469 
1951 9 
3425 3372 
1805 3473 
2957 3473 
945 3340 
3474 9 
2043 3475 
1234 1234 
1049 278 
1851 3320 
3476 1349 
1805 638 
1761 2214 
43 638 
95 2329 
3383 3320 
1738 3477 
690 1050 
1619 304 
2187 3472 
3086 2411 
3447 1940 
2411 2987 
1050 309 
3086 2281 
1986 3086 
1542 309 
2446 2875 
