6599 7285 
6193 4623 
1379 3095 
6944 1578 
6935 76 
1248 7288 
285 76 
1343 4454 
2576 7288 
2996 5958 
4072 3082 
2446 7288 
4643 7285 
6530 1582 
3411 4454 
2049 2704 
5185 7289 
2107 2107 
458 7290 
4902 7285 
5254 5958 
6359 405 
4902 405 
3086 4593 
7251 2234 
2077 7285 
459 405 
1452 1940 
7287 7287 
2824 405 
5298 837 
4167 7291 
1234 5958 
4407 3095 
1939 5958 
1259 1991 
2216 724 
6903 1458 
111 73 
656 656 
6193 4593 
153 7292 
111 7293 
81 7294 
5940 7293 
1400 405 
3928 7285 
372 7295 
6510 7295 
945 7150 
