1293 76 
7388 7388 
4902 3095 
2379 3095 
4902 7393 
4902 7394 
237 7394 
3320 6443 
31 5481 
2958 7394 
616 3095 
2681 7395 
4847 7393 
6359 76 
5457 5457 
2569 1361 
2256 3095 
572 6237 
2714 7393 
1350 77 
138 4163 
2621 6989 
616 4163 
2557 4049 
7386 2175 
2588 7368 
7396 187 
3575 5481 
3226 1963 
2811 187 
7386 1818 
4902 7397 
5180 7398 
349 4163 
44 4163 
7309 3965 
6751 7024 
1880 7398 
7024 7024 
1352 1453 
1611 6535 
3185 1728 
7399 43 
7400 7382 
5562 7398 
3846 5935 
4049 4049 
7116 77 
6599 1636 
894 3093 
1247 1767 
2714 304 
2429 6957 
2714 7401 
1309 6287 
5481 5481 
3411 921 
6193 7401 
1509 2984 
368 7214 
7402 1453 
199 4160 
5717 921 
4072 4160 
