9479 10787 
7978 5375 
8383 9747 
1248 199 
9706 1138 
4769 10811 
134 8697 
1499 7320 
3247 1138 
1352 10806 
2481 199 
10812 10627 
4917 656 
4128 10813 
4011 10814 
4902 8697 
850 3230 
4902 7425 
10216 10555 
10815 10787 
10665 9602 
1556 10806 
2704 656 
9602 9602 
10414 7425 
3781 4873 
10714 10814 
10287 199 
4297 10809 
1115 5635 
3247 10287 
157 10287 
10816 211 
1036 10811 
8660 211 
2214 10814 
2214 10773 
4633 6439 
153 10814 
153 2214 
199 199 
724 382 
9748 2214 
7898 901 
410 5635 
