1940 3381 
4091 4042 
1259 4089 
74 1247 
4082 4042 
2895 679 
2588 2576 
3928 4042 
3881 1494 
3901 4092 
3239 4093 
1350 679 
57 1761 
4005 3840 
2256 4042 
834 4042 
2256 4042 
2416 4094 
4005 4095 
1442 4093 
1803 679 
2760 4093 
256 4005 
586 679 
3247 4095 
2114 679 
315 4042 
4096 1761 
4005 4042 
4097 679 
302 293 
3364 679 
901 679 
238 679 
2057 679 
238 1761 
1611 679 
1365 679 
3516 4093 
1611 679 
3730 679 
4042 715 
3516 679 
453 679 
2195 679 
681 1761 
960 679 
96 77 
1259 77 
1714 91 
3963 3381 
2681 3881 
575 4042 
1108 4098 
4099 1119 
3369 1368 
3963 3138 
2336 4100 
445 4092 
2884 91 
2548 679 
3247 4101 
537 4005 
1170 1170 
4102 1806 
1611 2073 
278 679 
2995 2678 
2158 2136 
284 3881 
4059 4103 
2704 2678 
4100 4100 
158 679 
638 692 
2963 91 
3085 1835 
1138 77 
3881 679 
1780 679 
3394 1247 
4087 2678 
3643 679 
3823 4092 
850 679 
2136 679 
315 3684 
174 4104 
2459 679 
2388 715 
2267 4105 
2090 883 
4005 2704 
3881 2281 
4106 3131 
877 679 
834 2281 
2548 3881 
4072 4107 
