1009 4377 
1259 4377 
3881 5227 
140 4377 
4769 5227 
4902 1928 
2638 1928 
1522 4377 
504 1928 
1377 3095 
1411 1928 
57 1928 
4032 4087 
380 1928 
2640 4377 
4096 1928 
44 5221 
13 4377 
4877 1247 
3364 1331 
4914 1963 
74 4527 
74 759 
5185 4377 
2411 5228 
1452 1928 
3425 759 
5185 5127 
5229 4366 
5172 34 
202 4118 
532 1236 
4123 1984 
1452 1984 
27 1984 
3540 1984 
4779 158 
2963 5230 
2711 74 
5231 2051 
502 1928 
1611 4845 
2214 4560 
1234 4377 
171 4377 
4096 5232 
5180 5233 
5234 722 
1768 27 
2090 5136 
278 1170 
3847 1911 
2892 4377 
2868 5235 
3684 1911 
4059 3881 
43 5235 
138 1170 
834 5127 
850 1170 
1805 3881 
4005 5235 
1851 5127 
408 4446 
1234 2892 
5236 3230 
4005 3095 
5236 739 
4769 5232 
1326 5006 
2868 5127 
2811 739 
