3415 698 
9228 278 
5623 9070 
5649 5719 
4497 9070 
1248 5719 
1556 1036 
7078 312 
2905 4902 
3369 347 
2758 9110 
1951 2245 
7900 9229 
835 1036 
162 4902 
5180 8733 
7078 8949 
42 8904 
5185 1343 
9171 2245 
1108 2245 
850 5719 
6987 74 
3643 9205 
2892 9230 
95 7231 
7078 2544 
7028 8649 
6034 9070 
7073 312 
2481 5719 
7078 5093 
1234 5635 
1521 98 
284 8495 
572 5047 
3712 9070 
300 4381 
7790 7497 
5298 5047 
1951 5994 
6897 6099 
8660 8971 
378 5047 
6239 7164 
3935 9231 
2388 726 
5298 914 
8660 914 
5093 7164 
