905 256 
1248 256 
517 256 
3152 2425 
22 256 
182 3144 
256 278 
22 9 
2392 3144 
1343 3144 
1378 2374 
675 1139 
3153 3145 
2098 2977 
3154 501 
1611 3155 
2351 3156 
257 2704 
2963 1139 
1638 2374 
2963 1139 
1343 3155 
850 256 
1611 1940 
850 679 
2073 679 
3157 3158 
2704 3158 
3159 3086 
1134 3144 
1532 3144 
1134 3144 
3003 2025 
74 1139 
1767 679 
3 2704 
1611 3022 
2957 3022 
442 3022 
2957 256 
2481 256 
1270 3141 
3160 3144 
383 3149 
2875 1170 
1134 2541 
3136 2704 
2049 3144 
2545 2995 
1768 3144 
2021 3161 
2760 2995 
2411 2995 
690 2704 
3075 2025 
2714 2995 
84 3161 
128 3162 
43 1817 
2285 368 
481 3162 
