224 8927 
6126 4025 
6516 1828 
575 8962 
4756 1497 
8963 8964 
4011 8963 
821 1828 
4477 6499 
6516 1560 
5928 8964 
8939 26 
1521 1725 
8965 4010 
256 5066 
372 1411 
43 1377 
616 5066 
2215 1377 
8945 537 
8424 4205 
2215 97 
6751 8939 
8505 4205 
3695 2890 
2758 5019 
7708 1377 
575 4902 
5086 8889 
8952 8889 
8889 8889 
158 8449 
138 8449 
4397 2150 
2811 8966 
6126 8967 
3781 8967 
616 5375 
1598 3271 
1350 8968 
8969 8738 
7745 7740 
7020 5127 
6126 5127 
2717 8738 
1343 5127 
3881 4010 
2714 8970 
8962 8971 
5481 8971 
613 2890 
2053 8971 
3928 8972 
2892 8709 
8431 4682 
8973 4325 
892 1780 
8376 8901 
4072 2714 
687 8886 
8948 8971 
5518 2714 
5305 7693 
4497 4205 
