8819 9793 
9797 9393 
9798 9792 
1730 9792 
8676 7898 
7078 453 
9602 7726 
2879 4497 
9785 9785 
616 9401 
835 1190 
47 9799 
8872 2123 
2351 9800 
9479 1170 
9801 1108 
2029 2029 
668 2704 
995 5883 
4902 1170 
3411 1190 
7073 9241 
5298 3455 
2714 9802 
9803 2123 
8984 1670 
2053 5883 
9706 284 
5972 9804 
3320 5883 
5623 7119 
5298 7119 
7790 5136 
3847 5883 
2029 2029 
4593 9805 
3881 1909 
850 7447 
1851 9241 
9806 3274 
1247 9807 
4643 9805 
2963 9808 
245 8684 
4769 2766 
9809 2279 
3095 9358 
9809 5733 
