224 759 
29 4397 
44 5864 
1995 2089 
1890 5865 
4643 5865 
153 5861 
2974 917 
3637 5864 
3226 373 
27 5861 
2996 1836 
1907 5861 
1108 4934 
5866 3387 
3643 5861 
5088 5861 
5867 724 
5480 5480 
5774 5836 
3226 3373 
60 3226 
388 2963 
4214 5868 
5869 5870 
3553 1139 
4297 248 
1928 3226 
5871 935 
2411 5872 
453 3226 
388 5873 
4902 5874 
4902 5870 
4631 5875 
3903 3373 
5774 2355 
3453 2089 
925 78 
2785 2355 
526 3387 
3320 1939 
656 5861 
346 1939 
5412 5865 
2252 5861 
4643 5876 
4682 5697 
138 5876 
5725 5725 
5005 656 
