4902 9958 
4902 9926 
8819 9926 
4902 3035 
995 5605 
9950 3035 
9647 9959 
5972 9926 
43 3924 
616 2704 
3226 6306 
7804 2730 
4719 992 
8140 7597 
759 4497 
4274 465 
8909 9960 
4902 9961 
4902 4795 
4010 992 
6064 7233 
5972 9479 
1601 5127 
1400 6306 
1234 9962 
27 452 
4419 405 
4795 405 
9764 3510 
9764 9963 
6111 405 
2252 405 
4133 1468 
2711 9960 
8521 7829 
5282 9602 
4902 724 
1760 6443 
4397 4497 
9959 2934 
8947 8947 
2287 2934 
5493 5127 
4972 97 
3540 537 
4011 6771 
3095 4795 
7576 405 
4902 405 
8660 1525 
