412 4633 
8660 1791 
372 5541 
8983 268 
8984 8985 
995 1408 
8087 8986 
1215 7020 
224 8449 
4692 1377 
1890 2905 
4692 8987 
1378 8986 
8660 8988 
1682 6113 
724 8840 
8936 8936 
4263 903 
8660 7780 
8936 7780 
8286 2150 
8989 1408 
1682 7597 
8242 5543 
8990 4682 
4735 4735 
44 8986 
3840 4682 
2022 4593 
2637 6182 
1099 1099 
4072 8991 
1050 7804 
6510 8948 
7020 5481 
8992 7606 
3928 96 
8993 1691 
1381 6182 
8994 3497 
2763 8127 
4397 3928 
4004 4049 
2481 2143 
43 2323 
6751 8127 
3095 4795 
