453 550 
1246 233 
121 808 
1025 1234 
8 162 
1246 204 
945 162 
1246 162 
770 834 
877 1264 
995 1234 
453 1219 
43 1234 
43 15 
81 5 
726 4 
199 1266 
1050 5 
256 402 
48 886 
26 724 
84 1267 
1050 1267 
1134 1264 
31 31 
1134 1264 
1194 1266 
1194 1247 
850 495 
1194 1247 
1194 74 
1262 450 
517 1050 
77 1264 
1257 834 
81 1268 
47 448 
1209 1234 
368 1190 
1246 1247 
69 1190 
1247 78 
97 1190 
1135 1264 
121 1162 
1246 1190 
14 4 
74 1162 
74 569 
1050 368 
368 15 
1050 921 
110 15 
15 15 
1234 15 
1269 15 
123 15 
459 15 
1199 368 
47 1270 
412 921 
895 919 
1234 4 
459 368 
1050 1225 
1223 878 
943 1227 
1234 368 
140 368 
285 1247 
1234 233 
546 1227 
1223 31 
204 1271 
726 1247 
1157 1247 
48 31 
57 1225 
