4972 4708 
77 2704 
2811 2704 
133 3843 
1522 2414 
256 4743 
4952 2476 
3881 4743 
4281 4446 
3627 3686 
995 4446 
1738 4743 
440 440 
1888 4446 
2479 4446 
4446 4446 
4952 1887 
248 4973 
1032 4973 
589 4446 
2388 4446 
2760 4743 
2481 4973 
1611 4446 
4974 4072 
2315 4973 
3320 3682 
901 4446 
1378 4421 
2481 3484 
4741 4743 
60 4741 
4297 3682 
4975 2541 
2704 4446 
4741 4446 
4756 583 
4096 4976 
4977 656 
4872 4970 
1293 4978 
4848 4446 
84 4446 
4975 4973 
4979 4828 
244 4446 
656 656 
2411 1406 
2021 4980 
2429 4477 
734 4421 
237 2958 
1234 2856 
447 2255 
850 1045 
3425 1045 
