4593 8709 
6241 48 
5180 8709 
11038 12635 
6126 12636 
12036 12634 
12637 10810 
9819 734 
8819 12638 
10842 8888 
575 312 
6530 8888 
2397 8888 
10411 12639 
5972 12640 
224 48 
1691 1691 
12641 4633 
6599 12538 
1995 6599 
6241 11805 
7708 7957 
3034 6599 
11469 4633 
708 11358 
11899 12642 
2195 12642 
10659 4633 
4397 224 
8067 12456 
11057 12218 
8633 785 
4631 12634 
9066 12456 
12643 3285 
12643 12644 
12470 12645 
7753 12299 
11279 12644 
4122 4579 
315 12645 
6333 837 
9066 158 
8660 4633 
12634 12634 
850 6178 
7407 158 
12054 6178 
6241 10277 
1850 9959 
194 10310 
8098 12646 
10842 256 
2481 12030 
10521 6140 
7804 2407 
