835 4633 
10425 298 
8965 3186 
1108 10426 
4631 4633 
530 3186 
1910 4633 
8634 4633 
194 10421 
3003 298 
10427 7613 
1352 4633 
1352 4633 
1634 4633 
850 6712 
1611 8754 
1611 8754 
1611 8754 
1611 8754 
1611 8754 
1611 8754 
850 8754 
10303 9136 
38 4633 
38 4633 
7078 3087 
158 901 
10385 7288 
1350 4633 
10428 4633 
1234 571 
5185 4633 
10429 10355 
567 4633 
7878 571 
10430 7559 
578 7559 
8 571 
10424 9276 
7082 4633 
1611 8754 
1611 8754 
410 7559 
3095 9358 
8376 10431 
6334 9358 
5493 8754 
4497 571 
7885 4339 
2892 4633 
10432 4633 
158 4633 
3291 9081 
724 4025 
5927 4633 
6126 6389 
5518 10355 
759 4633 
10433 4048 
4261 4633 
111 4321 
3781 10434 
724 2491 
1522 571 
43 2256 
10435 10434 
2717 8987 
9238 8937 
3986 10436 
42 10370 
10297 10383 
2481 10383 
5972 256 
