37 233 
708 26 
37 238 
504 667 
656 656 
641 116 
349 223 
757 631 
517 223 
94 513 
15 248 
641 505 
792 304 
517 667 
690 667 
728 656 
793 346 
121 718 
133 248 
76 220 
37 794 
539 795 
204 795 
129 795 
450 795 
234 220 
796 733 
44 248 
234 20 
80 797 
158 797 
80 20 
634 797 
110 20 
517 718 
129 618 
110 505 
162 798 
44 110 
104 741 
728 304 
80 799 
20 797 
140 667 
800 304 
656 656 
109 569 
801 304 
308 20 
516 802 
31 667 
140 803 
30 802 
159 39 
43 718 
20 764 
197 134 
47 802 
20 134 
15 764 
804 764 
