44 2781 
1293 2676 
1760 1890 
2766 1790 
15 491 
2017 1874 
2714 2612 
400 818 
400 428 
995 2782 
298 2782 
1030 2094 
1769 2783 
1248 2783 
2548 1790 
1836 2714 
153 2783 
1400 2784 
850 1248 
1638 2784 
768 2782 
1638 943 
1760 943 
2621 570 
76 570 
1805 570 
2621 114 
2215 570 
371 570 
347 570 
2548 570 
1535 570 
1288 570 
1288 570 
2652 2062 
2021 2062 
2785 459 
410 2062 
679 570 
1522 570 
154 570 
2763 2479 
925 284 
2786 530 
1947 2721 
965 570 
2029 1096 
2763 2787 
2725 459 
44 2097 
1259 1291 
2634 1937 
1408 570 
1408 570 
1381 935 
818 570 
1995 1560 
2788 570 
188 1890 
945 1291 
188 1291 
1541 570 
15 2676 
2711 1177 
194 570 
126 2789 
