3881 2633 
3789 2633 
3928 3553 
2633 6368 
6126 7078 
555 9395 
9396 6368 
4381 7634 
8660 9373 
9321 1237 
4076 6368 
2481 4363 
5192 9393 
4274 4200 
194 724 
7073 6368 
5719 4363 
453 9395 
4631 9395 
7804 9397 
7073 9398 
9399 6965 
8819 6368 
7804 2211 
5180 9400 
616 9401 
572 9393 
2240 616 
8948 9398 
575 5848 
1890 9292 
5724 9401 
3095 2136 
114 2136 
708 5848 
6334 2136 
2963 2136 
850 4711 
6193 4593 
9402 6378 
785 917 
4497 9383 
43 1749 
9403 4886 
9404 9405 
5941 9281 
7634 7634 
850 7213 
