726 135 
154 877 
121 31 
901 877 
575 665 
945 692 
388 569 
173 1230 
1231 1230 
86 1230 
1190 692 
925 692 
776 692 
1232 641 
1230 184 
690 1 
1121 1233 
1225 1225 
459 391 
613 346 
77 1230 
368 667 
26 667 
1209 698 
77 26 
31 667 
368 1173 
69 667 
901 667 
1164 391 
26 184 
605 184 
1234 15 
1050 77 
609 1235 
609 1173 
609 1190 
121 77 
182 1190 
1190 1230 
74 31 
204 1029 
1236 31 
1236 69 
1237 135 
1237 450 
412 1235 
945 391 
1238 1190 
935 1235 
1236 656 
62 459 
1239 459 
346 1239 
162 1240 
27 901 
27 1241 
98 834 
901 77 
1203 4 
