3086 571 
425 3149 
2142 9 
27 233 
20 3531 
3550 304 
157 1960 
1343 3546 
2714 1264 
1108 3551 
2049 1494 
44 124 
2972 1264 
2714 2811 
509 3140 
3327 2049 
3425 1960 
1960 1960 
1589 2958 
2256 2958 
1773 1542 
1768 1542 
3540 687 
3552 3140 
1890 1542 
2963 2958 
3553 29 
1835 288 
3554 3388 
1490 3413 
1490 110 
2958 1589 
3383 1190 
726 3555 
459 3555 
1535 1691 
2664 3556 
368 3556 
3557 213 
726 31 
1541 3555 
3542 1494 
2966 3413 
850 2576 
368 3558 
349 31 
2077 3093 
476 124 
2982 687 
3540 2214 
315 1046 
2682 1264 
1986 1494 
236 77 
159 31 
3559 1494 
3560 77 
2905 3248 
3388 382 
1309 3040 
837 3470 
3292 3040 
3561 31 
3562 1494 
3320 3248 
