3592 8819 
383 17517 
609 2136 
532 14736 
7723 21530 
77 21542 
2165 12171 
3540 21353 
1853 118 
17461 17461 
508 21543 
14089 21289 
4952 21544 
16773 16728 
10396 14571 
4902 382 
21545 21546 
21547 21485 
284 10396 
21548 1790 
1890 118 
6672 6672 
850 21549 
410 21549 
13011 21549 
877 21549 
17301 17301 
138 21549 
158 21549 
3291 18535 
1790 13066 
2187 21550 
10659 21549 
10659 21549 
10659 21549 
14838 21551 
20956 21549 
21552 21553 
2550 14838 
15329 2136 
20504 2136 
1805 13657 
2535 21083 
613 13376 
10306 21083 
8904 21083 
1632 21554 
4952 18923 
8126 3914 
