5790 10837 
4902 2856 
6193 1459 
6751 2704 
4902 2704 
1343 10838 
9287 4568 
1499 1459 
837 837 
1985 10666 
2765 10839 
9906 283 
6193 8805 
10840 278 
1890 8588 
2198 1291 
10616 10838 
575 10839 
1352 4261 
8141 9391 
10841 2704 
7804 1682 
5395 1580 
4297 1682 
10840 674 
571 4633 
6334 4633 
2429 1682 
7274 9959 
9602 408 
10739 4633 
850 3607 
10842 8509 
8660 4974 
9479 3881 
10821 9479 
10596 8509 
10596 10843 
7804 5161 
4072 9479 
43 10844 
9860 10845 
6126 10846 
4011 10847 
74 10691 
