1521 13534 
4104 5958 
2481 13464 
1350 13533 
10194 13536 
4859 837 
1890 12739 
1760 837 
5092 34 
3415 2094 
11562 13128 
2871 13537 
4407 12739 
11038 4221 
3712 13527 
9657 894 
13538 3186 
4952 12191 
138 1247 
6241 34 
9066 13539 
2704 13540 
3529 34 
6510 13520 
10424 34 
96 13540 
453 13541 
3607 11655 
13320 11655 
77 8449 
5057 13299 
555 13542 
2448 1387 
382 9479 
7686 1099 
2448 13065 
382 9479 
13171 13543 
1995 1828 
13544 1247 
5649 13533 
2758 34 
3320 13545 
13546 11100 
13547 13543 
13548 10033 
1355 1355 
3781 13540 
1350 13543 
6721 4160 
1682 2370 
5185 13543 
6751 13543 
43 2370 
13549 13529 
