896 609 
877 1209 
389 1234 
299 69 
1343 1230 
960 1209 
48 224 
26 1321 
726 1321 
204 26 
1259 1288 
459 26 
1349 34 
81 1321 
834 631 
1248 224 
1343 21 
299 1288 
74 224 
503 57 
459 1288 
81 1350 
121 224 
121 1350 
925 1351 
1352 1350 
1177 1323 
933 27 
44 27 
27 1353 
134 1288 
27 943 
1030 27 
724 1282 
900 1190 
1197 850 
442 1190 
960 1354 
1352 1173 
1234 1234 
1355 1234 
86 1355 
687 1242 
539 1355 
236 1029 
901 1356 
569 1242 
459 1242 
1234 1355 
134 31 
1355 1029 
459 1355 
1357 1350 
204 1358 
231 1288 
1355 1288 
31 27 
47 1029 
233 1288 
315 31 
995 1355 
412 1359 
