4297 6123 
2022 5958 
726 77 
5740 6118 
74 138 
156 3746 
4769 6124 
1851 3746 
2896 77 
4219 2856 
120 5728 
77 2856 
60 3003 
77 2856 
3295 6125 
6126 5982 
2704 2856 
2958 3093 
138 283 
6127 2856 
3540 6125 
3364 6128 
4902 6129 
1400 2190 
1350 77 
575 3954 
575 589 
6130 6131 
575 3087 
5792 77 
4902 6131 
4902 4992 
4005 3283 
4902 3283 
1790 4446 
91 4446 
193 3765 
3364 4795 
44 4795 
1986 1580 
5989 6132 
60 4776 
6133 77 
3881 4992 
6133 6129 
555 77 
555 4296 
2216 4446 
5940 6018 
2053 6134 
1550 6123 
6088 2935 
6088 2935 
6056 6135 
708 5478 
6136 5478 
4769 5804 
6137 3863 
2252 5478 
5518 2541 
1890 798 
5518 6138 
5279 6057 
86 5279 
1177 6138 
6073 6138 
2670 2246 
