562 211 
197 277 
565 151 
573 184 
3 402 
571 99 
91 99 
400 400 
532 26 
126 400 
110 537 
80 304 
418 304 
224 176 
121 176 
574 211 
154 211 
154 211 
575 96 
256 80 
507 400 
27 26 
575 244 
420 158 
486 204 
188 26 
517 576 
101 561 
31 577 
106 31 
43 571 
3 577 
578 577 
184 577 
29 571 
43 537 
4 101 
575 33 
184 501 
29 204 
121 204 
65 204 
38 577 
570 301 
65 579 
4 580 
110 579 
15 94 
555 501 
34 204 
5 501 
65 34 
537 537 
184 184 
5 184 
539 220 
80 581 
277 277 
129 34 
582 195 
20 204 
26 501 
128 583 
123 101 
539 583 
539 94 
406 584 
199 583 
57 501 
539 77 
585 77 
488 488 
566 128 
158 584 
372 488 
327 101 
130 583 
585 110 
98 47 
542 184 
204 233 
29 233 
585 77 
168 184 
268 26 
197 184 
224 184 
57 77 
118 118 
