8120 3230 
4633 5182 
10451 10452 
9198 10582 
4692 2681 
6987 10583 
9376 9747 
3540 9747 
349 10251 
4251 10582 
9639 9639 
2706 4795 
5972 10584 
9602 3226 
10585 6669 
1352 5374 
1499 10582 
74 9276 
3842 10586 
10587 278 
1352 9747 
7078 10582 
10580 2275 
6443 278 
6443 10588 
4297 10582 
9238 10477 
2486 4795 
1499 2541 
10411 2275 
1784 5093 
724 9952 
4751 5493 
2827 10588 
5927 2541 
5087 282 
8819 6669 
10480 10480 
1309 1309 
3117 6113 
546 6669 
1187 2541 
3320 4477 
7804 2704 
2763 4361 
2571 10388 
7804 5519 
6174 10558 
3781 10586 
5493 4633 
3781 5136 
