5896 6577 
6579 6580 
6191 6191 
5972 681 
6581 2570 
3251 6582 
6191 539 
3977 539 
2255 539 
2768 278 
3117 116 
4902 6583 
872 116 
1052 539 
420 278 
6003 539 
4297 6584 
84 3451 
2768 6519 
1108 3333 
3986 3914 
3696 3914 
1838 3333 
5504 3914 
5658 3914 
6585 3914 
726 3914 
1768 5402 
3977 34 
6586 211 
2195 6525 
116 3914 
6316 6519 
4269 3451 
182 3914 
5452 34 
3411 5073 
1411 3914 
1099 3914 
6073 3230 
6548 3230 
2569 1961 
2674 539 
2704 3914 
6126 3333 
217 2704 
1611 6587 
5126 6588 
1951 6583 
6334 2164 
1141 4269 
6589 3914 
6590 6563 
6378 110 
1890 2164 
