6628 2673 
960 2673 
293 2673 
3102 2673 
6601 6601 
3102 2673 
3102 2673 
3102 2673 
2240 2673 
3479 2673 
1099 5418 
3364 6214 
459 1853 
2481 5418 
27 6629 
1890 6629 
1890 118 
1951 1838 
6590 2278 
43 118 
6126 6459 
1108 2343 
995 5758 
877 4845 
3095 4645 
835 2278 
1928 2673 
679 2673 
3986 5305 
2704 6421 
188 6629 
3186 5305 
6625 3643 
724 6421 
1452 2278 
555 4692 
3425 5595 
1452 6630 
15 5116 
4872 118 
1099 5305 
6580 6580 
2267 6631 
5520 1045 
638 6630 
6401 2278 
1704 6632 
112 2278 
453 2704 
3159 6633 
410 6633 
1890 6631 
