726 1015 
1727 1234 
539 1902 
776 1015 
1379 110 
870 1902 
1932 77 
1867 1199 
960 1933 
1522 1934 
1552 31 
562 1935 
995 1936 
1259 1937 
776 1937 
1209 1902 
726 1170 
1638 1922 
1209 81 
257 217 
1805 1170 
850 1170 
1617 784 
298 1937 
459 77 
107 704 
544 1015 
43 1937 
776 784 
724 1725 
1638 1665 
15 1170 
43 202 
1617 1665 
81 202 
34 1170 
48 368 
1336 154 
1 1938 
445 3 
77 77 
77 77 
1197 77 
1902 77 
382 3 
124 77 
502 3 
844 667 
679 77 
1760 834 
539 1583 
298 1939 
257 217 
298 77 
298 77 
8 960 
459 1583 
901 834 
1209 569 
1638 1940 
312 368 
1941 1050 
708 15 
