872 62 
76 2535 
726 1872 
43 808 
2580 759 
368 312 
453 1759 
698 2531 
1790 176 
38 2583 
935 2316 
1963 901 
1386 1836 
2021 2560 
1248 2560 
2098 2560 
757 278 
850 278 
1541 278 
77 278 
2187 278 
894 278 
947 1239 
539 689 
1760 43 
2584 278 
947 278 
935 278 
2214 253 
459 278 
1759 278 
1784 278 
2585 278 
1867 278 
265 34 
298 278 
2214 278 
2586 146 
1050 43 
1634 278 
1638 1890 
8 1890 
1738 278 
1669 278 
822 34 
44 2587 
1461 278 
84 278 
1400 278 
850 2531 
194 27 
1209 47 
2588 459 
2589 27 
2590 1669 
2588 1323 
901 278 
1259 2591 
1805 27 
2534 278 
1259 2088 
1784 27 
2480 2592 
679 2488 
2557 2488 
2469 278 
287 2593 
947 2593 
1790 2136 
2548 34 
1611 1805 
2548 278 
2594 1 
2548 278 
2359 1542 
2595 43 
1760 2512 
2256 1669 
537 2596 
2214 2592 
1291 128 
539 368 
459 278 
2597 2115 
656 278 
459 2598 
2480 1281 
1199 77 
2480 1805 
935 278 
834 368 
1582 130 
1926 231 
708 834 
2448 834 
850 278 
2588 1471 
1030 901 
837 1 
2543 278 
2533 1582 
2098 1582 
627 27 
8 2599 
