43 2629 
7895 31 
562 1791 
892 7944 
613 1190 
7693 4072 
5972 4072 
7900 7542 
5180 7945 
4902 7946 
7923 7597 
1805 7946 
4859 5282 
4297 7597 
616 1791 
4902 4072 
7947 7417 
4072 7813 
3295 7948 
6751 7945 
995 2136 
5658 372 
7407 7946 
1790 7943 
389 1542 
1050 3095 
7949 3095 
995 3095 
724 2704 
7950 7945 
7941 7951 
1618 2704 
7938 532 
349 234 
2022 798 
724 343 
1343 5278 
3540 3540 
7164 7946 
2510 4648 
5493 1452 
343 3554 
1050 7758 
171 7572 
7780 5653 
4025 4049 
4902 7780 
7952 7952 
5950 7780 
2704 1452 
995 7953 
7021 343 
315 4902 
7833 3484 
844 3497 
4163 4902 
1768 7558 
7833 3484 
575 4902 
5518 7598 
7083 7954 
265 7612 
575 834 
2255 5381 
34 7955 
34 1247 
