2964 14225 
530 13266 
6510 13543 
12157 293 
1379 13543 
3607 4924 
4952 14574 
2714 14575 
850 3230 
14072 14072 
12194 13266 
4692 5685 
12194 14575 
5491 14576 
14482 3881 
2704 616 
14487 14577 
2481 13266 
1300 14124 
3095 3695 
6193 3881 
3695 1598 
11358 1598 
708 12461 
2275 13543 
14578 84 
6721 11108 
2714 14579 
114 4119 
4952 656 
1309 14471 
14580 14581 
14154 14582 
4847 14583 
111 14573 
111 14573 
11181 9639 
14584 13820 
10668 14585 
13837 656 
14584 3749 
3320 10194 
708 12461 
153 14583 
138 13066 
5185 14586 
5093 4902 
3095 13066 
2827 14088 
