15550 18702 
5623 9238 
5093 771 
5185 18703 
8344 17982 
1377 1489 
17075 14003 
2561 4633 
5972 18704 
18695 18695 
18705 18705 
18689 18654 
18152 18645 
18689 10954 
11016 14794 
503 18706 
18152 3036 
679 18645 
44 18707 
18152 1691 
17376 11817 
1377 3109 
7348 14415 
2061 17727 
16074 5733 
18708 18709 
4847 11116 
517 8770 
16768 18654 
382 3807 
3052 75 
11197 3807 
5459 17369 
18710 13377 
1656 821 
3320 10216 
9438 10216 
11531 11531 
2729 18711 
5279 18711 
1851 18712 
1791 18713 
98 821 
8670 18712 
5518 3807 
4952 18714 
