2180 408 
312 1951 
2464 2464 
473 408 
1761 408 
1442 408 
1343 1273 
850 408 
1343 1578 
2322 1619 
44 1273 
2446 2118 
850 2175 
3 768 
2113 2175 
2322 2370 
89 2465 
2323 2465 
294 2323 
1670 408 
1425 2118 
278 1170 
2077 2457 
726 2466 
43 2461 
96 1453 
2467 1453 
1108 2468 
2377 2465 
1619 2465 
1761 2465 
194 2465 
870 1273 
2469 2470 
1247 2471 
2332 539 
1761 1273 
850 309 
1761 850 
1880 2466 
44 808 
74 1096 
34 2323 
1259 1917 
1364 408 
1489 459 
726 408 
1364 408 
589 31 
1368 850 
1368 679 
1951 1036 
1522 459 
217 408 
1947 2136 
1768 1291 
1768 1355 
1643 2097 
1708 666 
679 681 
1708 1291 
62 2434 
171 2434 
2136 2434 
2472 1273 
2094 2473 
1780 408 
459 1291 
1780 2473 
2083 679 
2359 1025 
1365 679 
431 679 
120 31 
2474 679 
1248 679 
2256 679 
2097 679 
690 408 
1721 679 
2475 679 
47 679 
76 2097 
31 2136 
2097 128 
459 1291 
278 2476 
1248 679 
