3881 18649 
14976 18562 
7686 4929 
1495 18650 
1270 1 
2088 17925 
2704 18651 
18390 18649 
616 18651 
724 18512 
12416 3789 
3607 18652 
17262 12381 
18653 18653 
5185 18654 
1805 5493 
5518 18652 
315 18653 
1611 14770 
16333 18655 
5972 18656 
256 16972 
850 18657 
2714 6380 
526 13915 
44 1190 
18658 5989 
18659 3312 
9461 9461 
2983 1 
9835 3093 
1377 3093 
9461 14933 
18660 18661 
7465 18662 
74 138 
9334 74 
14976 18595 
17365 12381 
9334 10355 
1050 217 
111 14344 
12054 18663 
2730 4029 
15668 11454 
3708 18542 
572 10300 
158 17455 
138 17455 
7095 17455 
