902 898 
77 904 
896 488 
726 904 
656 656 
768 231 
656 656 
870 181 
153 372 
20 141 
459 372 
406 372 
127 231 
459 904 
285 231 
850 850 
905 665 
188 231 
802 77 
675 65 
517 75 
572 78 
802 233 
31 78 
129 65 
86 78 
102 65 
504 488 
15 1 
43 43 
15 895 
15 903 
901 656 
856 895 
901 348 
906 75 
94 273 
220 895 
34 34 
14 488 
901 44 
94 233 
368 34 
616 233 
391 459 
86 507 
14 391 
15 757 
121 158 
828 391 
391 391 
327 428 
907 391 
298 26 
901 44 
158 26 
141 878 
300 883 
366 878 
110 883 
726 878 
726 878 
726 878 
726 878 
199 158 
159 110 
726 878 
892 273 
895 65 
104 878 
368 878 
140 878 
726 895 
110 895 
236 110 
908 8 
895 895 
140 44 
233 110 
114 808 
2 110 
562 901 
909 231 
850 74 
802 110 
77 166 
550 910 
