5279 5230 
138 5019 
15305 15397 
5092 4481 
3529 5019 
4568 4568 
6707 304 
1452 4962 
4274 10144 
5185 14264 
15346 5019 
2638 3945 
1270 8392 
726 5019 
8142 5019 
15452 968 
11710 4962 
13048 13048 
138 13973 
77 5019 
575 13679 
5282 134 
10659 15681 
14378 5182 
7387 5019 
6987 10144 
7465 2534 
14308 15664 
15682 11531 
15682 8613 
13695 15683 
3239 11531 
15684 12550 
15685 9014 
15682 8904 
14618 15126 
15685 12322 
14618 15686 
1352 14603 
6510 1939 
14618 4633 
7617 4633 
2758 5019 
15550 1939 
