1509 1560 
1052 1567 
1123 1123 
153 445 
877 1837 
287 1567 
1855 211 
1704 808 
1704 1776 
368 77 
1670 77 
1659 77 
1834 288 
609 77 
156 77 
400 77 
204 1857 
47 1857 
1593 77 
1860 1857 
569 1670 
1805 656 
1861 1670 
173 420 
850 420 
156 1858 
453 1862 
517 420 
1696 726 
609 1863 
81 1863 
759 1503 
1864 20 
1800 726 
613 1855 
1696 169 
1259 169 
850 1855 
679 1855 
726 1593 
1865 726 
1784 1863 
1866 656 
1259 1280 
1223 204 
1784 110 
1727 1280 
1867 288 
123 204 
1552 27 
445 1868 
20 1503 
856 569 
43 65 
539 65 
238 1247 
539 1753 
569 1247 
1593 1868 
284 1593 
1869 1870 
1617 34 
1871 77 
850 74 
1617 1872 
822 1753 
1704 1872 
1704 818 
1400 1870 
1248 74 
609 408 
459 1870 
194 408 
1704 34 
408 34 
