15 346 
687 1127 
43 1050 
507 1121 
193 236 
850 50 
98 4 
575 1030 
77 1128 
43 1128 
517 1128 
193 1129 
517 1038 
769 1128 
1130 26 
850 919 
233 1129 
613 26 
1003 236 
109 785 
1125 1128 
245 236 
174 1 
613 312 
1121 26 
681 1 
681 26 
65 1131 
504 1038 
14 48 
475 1131 
877 1 
856 48 
1011 236 
935 1050 
1099 428 
238 656 
27 428 
15 428 
15 960 
726 428 
901 26 
80 1132 
945 909 
48 1 
193 1029 
204 1029 
995 1029 
15 1133 
878 285 
182 1133 
245 285 
945 285 
245 391 
726 238 
1134 26 
1135 402 
1135 393 
15 1045 
1119 1119 
1136 919 
47 1029 
80 656 
1137 187 
675 428 
110 187 
687 187 
194 450 
1138 726 
785 909 
43 428 
442 26 
134 1139 
1140 1029 
