6126 10216 
546 12492 
3455 10216 
12493 405 
4631 12494 
12495 12461 
2055 12496 
8449 8449 
12497 12497 
12155 901 
6367 10711 
8670 8670 
12498 12499 
123 10035 
2114 12463 
555 12494 
3877 9846 
1890 12500 
8787 11092 
12199 4633 
8633 1894 
7407 12494 
2429 12501 
12497 8482 
11895 1355 
4972 10627 
12470 8140 
3093 8482 
3540 10853 
4924 8160 
3928 12502 
1656 12484 
9449 7957 
12316 2811 
12503 3479 
12503 3479 
11886 12504 
2397 12505 
7885 2360 
1378 5435 
7829 10740 
7829 1358 
1256 5435 
1786 7202 
11886 704 
11688 2136 
995 12404 
44 5435 
