174 29 
153 26 
174 31 
175 26 
121 176 
4 43 
177 178 
50 178 
69 178 
121 178 
101 26 
177 179 
69 26 
121 179 
180 179 
101 4 
1 181 
77 181 
31 26 
31 26 
182 176 
77 183 
121 71 
184 151 
184 151 
57 178 
134 176 
185 26 
110 26 
186 77 
27 77 
187 81 
4 77 
110 77 
3 178 
81 181 
188 71 
189 169 
80 183 
96 190 
70 140 
3 190 
189 96 
121 190 
137 190 
121 96 
29 96 
27 94 
191 176 
192 94 
131 96 
101 77 
193 26 
193 26 
194 161 
182 195 
4 27 
194 69 
196 1 
27 77 
94 27 
106 94 
150 94 
129 140 
197 26 
81 198 
199 200 
121 201 
182 201 
34 200 
70 200 
202 199 
1 203 
121 203 
135 1 
44 77 
204 115 
55 176 
133 69 
158 104 
187 7 
196 69 
167 27 
130 94 
102 115 
139 146 
205 146 
206 94 
141 96 
43 115 
143 207 
130 207 
98 115 
94 208 
57 209 
148 115 
197 1 
210 26 
197 81 
171 115 
148 121 
81 186 
52 7 
171 1 
174 29 
27 162 
