2599 1156 
327 1134 
1749 1156 
77 2136 
2252 347 
77 2693 
1541 505 
109 2029 
504 505 
627 372 
134 2703 
184 2304 
2706 2304 
184 2678 
2643 1370 
2664 2136 
2260 221 
1143 2707 
332 221 
785 221 
194 2678 
679 221 
2280 459 
146 221 
193 2708 
81 402 
453 402 
150 2691 
613 221 
698 402 
1784 402 
2548 15 
1259 2676 
2021 221 
1197 2707 
2421 1453 
2670 1134 
1951 1453 
2709 2710 
2488 221 
2214 2711 
2373 2707 
656 2541 
1089 2712 
2633 2676 
1089 1370 
2021 2629 
2682 2712 
2704 1453 
2570 1711 
2629 1851 
2713 2708 
1108 1951 
2480 221 
2652 2479 
2480 1851 
2629 2479 
2714 1951 
47 1851 
2157 2479 
140 347 
2214 2479 
1365 2479 
2715 968 
44 2676 
834 2676 
770 2676 
1738 2541 
2541 77 
1963 2676 
1638 1744 
1008 347 
44 2479 
278 1350 
2652 2716 
2717 726 
3 2716 
2480 2479 
