16235 16235 
7804 16269 
2588 16084 
837 6443 
16270 16271 
5180 16272 
5412 16273 
193 34 
4692 4856 
6370 4962 
193 13973 
6370 1029 
6370 661 
15550 16274 
15907 12816 
1343 15156 
15392 11266 
15907 1247 
15907 11010 
15907 1718 
15907 4958 
2704 16275 
2122 4962 
9461 14933 
2275 15156 
3086 16276 
8458 4856 
14618 16274 
10521 16275 
16277 16277 
11197 16278 
16075 9064 
6367 8948 
343 9064 
7407 9064 
2216 8948 
1738 16279 
16280 12791 
850 14738 
2094 5161 
16280 5047 
14333 14333 
572 5643 
15247 11245 
