2811 2970 
454 2154 
1760 679 
137 1350 
74 298 
1099 2981 
1769 1769 
2982 1761 
2965 288 
1751 298 
2982 278 
2725 807 
2853 312 
2548 1099 
2725 2389 
726 1589 
2580 1355 
1860 679 
1532 679 
2077 288 
877 679 
2389 679 
2411 679 
298 501 
679 501 
134 903 
575 298 
644 501 
2963 288 
256 501 
850 501 
2711 501 
1350 501 
609 679 
1350 679 
609 679 
609 679 
609 679 
609 679 
1434 679 
2983 679 
1259 2984 
84 679 
1664 807 
1309 679 
278 501 
2021 2479 
2215 945 
2985 2985 
2548 679 
2960 2389 
2827 2986 
2214 2389 
497 679 
2678 2389 
1050 2479 
2446 759 
2763 2612 
1532 2985 
526 2479 
1729 439 
1050 2612 
2964 679 
2985 2985 
728 2979 
134 2214 
1247 1355 
2763 2201 
2459 679 
2763 874 
2021 874 
644 1355 
2541 807 
349 2201 
2216 2987 
504 1355 
