2061 19402 
8276 1780 
111 5249 
4902 4962 
708 5848 
4381 537 
6543 2963 
19403 16626 
5093 17571 
4902 2704 
19404 2963 
8276 571 
4011 2704 
19234 5958 
7804 7804 
18058 3710 
4924 19405 
2114 7578 
4902 17984 
29 914 
16116 17984 
2534 14818 
4122 14818 
12791 14998 
17942 14998 
2729 10424 
2287 2704 
1738 14471 
5087 12816 
19406 19223 
217 10038 
1495 18307 
10659 14998 
19407 2714 
4643 10038 
111 16074 
4902 18307 
14976 15854 
17616 17072 
153 10038 
5493 17984 
3831 14446 
7804 8201 
84 18307 
18528 18528 
