616 278 
134 278 
1768 2374 
5360 968 
5459 1247 
5460 5005 
5418 5330 
2576 5330 
60 4722 
1030 5436 
3320 2136 
850 4795 
202 77 
2738 5458 
850 3283 
386 4200 
2640 569 
4129 13 
726 837 
4454 77 
3095 2374 
2632 278 
5052 5330 
1197 3283 
5451 5451 
4407 2374 
5457 5457 
759 3149 
256 77 
426 2958 
5180 1741 
5185 1741 
1352 5437 
1108 5454 
199 3149 
238 3149 
2388 2374 
1542 837 
3789 4902 
4470 2682 
3712 2682 
176 9 
3453 4065 
1509 5461 
3847 4065 
3847 5218 
1611 5435 
2599 5462 
1768 5461 
2894 1542 
3847 5463 
1611 4795 
199 3149 
101 5463 
5285 1542 
5464 4902 
442 4902 
3317 1741 
5465 1799 
2411 5466 
1867 5462 
