1361 837 
2717 2216 
3627 4842 
1247 2541 
4754 4843 
4844 4729 
368 3131 
1350 2541 
850 2541 
4845 4160 
138 4843 
995 4846 
575 3087 
2411 2535 
4847 2216 
2640 2811 
2811 4246 
1099 1406 
4848 3627 
4407 2374 
278 2541 
4847 1640 
3840 4246 
2256 4839 
4510 4246 
555 4766 
1790 4824 
800 2216 
609 2673 
153 2673 
4297 4806 
4497 2541 
1744 4849 
1108 2541 
2711 2541 
2704 3095 
182 3095 
4847 2541 
2811 2541 
2711 2576 
2918 3840 
945 4806 
4281 4850 
312 1190 
4467 638 
877 638 
4459 2811 
3484 3484 
60 4246 
1611 638 
1611 638 
1611 638 
1611 638 
29 2811 
3074 4246 
2711 1032 
1442 116 
4281 4281 
4643 1589 
1611 638 
300 116 
1951 3486 
1321 638 
2986 2986 
4770 2673 
3170 4850 
4072 4850 
2633 800 
4626 84 
512 2811 
4851 3364 
1738 1173 
1009 4852 
3425 4853 
2481 4853 
2187 4853 
1197 4853 
4851 256 
4851 561 
4847 561 
3051 4852 
2021 4854 
3052 288 
4855 3177 
84 3087 
