2113 7078 
5972 8999 
9238 2676 
7878 7878 
15 7782 
9238 9725 
8431 6241 
6239 6104 
7073 901 
9238 5716 
2535 2534 
6341 9562 
2535 3095 
7078 855 
6193 2073 
9611 9726 
1050 9727 
2481 6987 
9728 31 
453 2704 
1050 2704 
698 9635 
44 27 
8867 47 
4497 9729 
4633 3003 
136 2073 
6316 278 
15 8930 
850 2704 
3928 9730 
9479 3852 
9287 7980 
2963 1247 
5518 9731 
4593 7886 
6126 1009 
6897 9600 
9461 9600 
6126 9732 
1256 9667 
2215 9667 
8529 9733 
2963 7886 
453 4381 
9734 9732 
98 569 
3537 278 
9735 584 
9735 3627 
9534 7683 
8819 2704 
4593 7683 
4769 8378 
7178 8378 
9736 4049 
3881 9736 
5298 9736 
4072 3003 
4072 6836 
