1509 1157 
44 2551 
5717 2551 
5718 5686 
4735 569 
776 776 
5719 5084 
44 2136 
3627 3201 
4161 4722 
5649 5720 
1910 5720 
1817 5652 
27 5721 
43 5084 
4902 5722 
4870 128 
599 599 
4902 1715 
1983 1715 
4902 5723 
1851 5293 
1780 1715 
1890 5721 
5724 2534 
995 2551 
115 4007 
1400 4007 
1452 5059 
4682 5725 
3095 4007 
1259 5293 
807 5726 
3095 5726 
1352 4805 
1790 84 
5649 759 
112 759 
2534 2534 
3095 1323 
4902 4007 
188 1 
2960 5722 
4769 4007 
188 1247 
2351 759 
4814 278 
453 5723 
1611 5059 
34 5727 
2681 2681 
530 5722 
589 5728 
5717 5293 
2713 2370 
5729 3120 
2550 5722 
3074 5726 
1509 1 
368 4967 
2215 1 
5730 1759 
5285 3749 
3928 778 
5518 1248 
4643 778 
4381 5716 
2090 4007 
1503 5728 
569 513 
1247 5702 
5418 1753 
