431 2029 
1768 288 
1847 2828 
2021 2207 
1350 1633 
3008 3003 
76 1343 
2853 1963 
1761 3003 
60 2207 
153 2207 
1890 77 
368 1963 
2392 3003 
284 2207 
2187 2207 
1541 569 
2597 94 
1541 1350 
1738 94 
1738 3045 
1784 850 
2725 1006 
162 77 
1860 3024 
2963 287 
616 850 
3003 289 
3003 1118 
1350 3024 
2479 850 
3000 3002 
2481 850 
2548 1612 
2960 2210 
3009 110 
20 3024 
1611 3046 
2113 850 
537 110 
2763 3024 
2450 3024 
47 1099 
1768 1099 
2982 850 
31 726 
1099 726 
140 3024 
2763 2420 
2420 3024 
3047 2998 
2704 3048 
1985 2287 
3049 110 
43 3002 
728 1360 
2215 2986 
2393 3050 
1910 569 
412 2968 
204 73 
47 2287 
770 288 
98 726 
1768 569 
2963 569 
47 73 
43 73 
43 73 
1030 3051 
2963 2029 
2216 1319 
3000 837 
2267 468 
2972 1319 
517 3024 
1135 1319 
609 1319 
