656 3093 
3755 7585 
5298 293 
4643 1468 
7540 293 
1377 1468 
3484 1468 
2638 1468 
4397 5836 
440 440 
7509 7586 
4643 7324 
346 440 
2557 293 
31 7324 
1108 7587 
3095 7588 
4497 1714 
6126 248 
6193 293 
1350 4631 
819 248 
3095 6669 
43 4631 
6474 7586 
1350 4497 
837 4631 
7499 7324 
6474 293 
638 4631 
1768 5935 
2621 4631 
613 6669 
7589 4631 
572 4631 
5940 6957 
2022 4631 
7023 7590 
3954 4631 
44 5402 
141 4072 
1784 7582 
3781 7582 
141 293 
1509 6443 
43 4631 
43 4631 
315 4631 
5185 7590 
285 630 
134 1677 
134 5116 
7591 2682 
76 5116 
2242 2242 
6365 5116 
