256 3364 
877 778 
2711 4445 
256 3364 
905 778 
1738 3364 
4199 4516 
3247 4517 
4518 4433 
2856 4005 
439 4519 
818 428 
2785 110 
2704 4519 
3327 2218 
3929 3929 
4341 2218 
1236 3957 
3823 4519 
3660 569 
1343 4520 
3214 3358 
383 74 
2963 898 
42 4510 
238 458 
675 458 
2278 4028 
2392 4515 
1611 4516 
575 898 
4521 4515 
4446 3364 
4446 3364 
638 2706 
1197 74 
3881 4446 
539 503 
2764 78 
4522 78 
4523 4524 
3320 78 
2215 78 
4072 3364 
4355 458 
2479 3364 
1400 278 
1371 4072 
945 278 
43 78 
4525 503 
3825 134 
1611 278 
3610 4524 
2267 4526 
2764 278 
3881 278 
850 278 
3881 278 
3333 278 
3840 278 
3051 4072 
3627 4527 
2136 3364 
3383 278 
850 278 
2763 1909 
4525 1909 
3512 4528 
1108 2576 
2021 4528 
1641 4529 
4219 4529 
3798 1682 
4397 1791 
2481 2706 
44 4530 
1259 278 
4364 4529 
2416 4526 
503 278 
44 278 
1805 278 
2599 2029 
153 4515 
4446 26 
1050 2029 
