57 134 
77 110 
89 741 
26 273 
784 162 
293 505 
805 806 
726 29 
505 223 
293 806 
505 784 
44 803 
43 428 
20 119 
400 110 
284 119 
26 618 
284 119 
27 618 
517 609 
615 784 
656 26 
256 122 
459 77 
81 304 
728 807 
27 803 
77 304 
287 304 
616 26 
616 278 
726 278 
77 278 
555 278 
562 304 
110 278 
517 278 
808 77 
15 465 
312 248 
504 278 
808 65 
15 668 
517 668 
95 278 
809 459 
728 332 
726 704 
337 704 
120 704 
15 428 
728 347 
5 140 
667 332 
98 704 
694 110 
129 110 
65 110 
810 668 
808 631 
20 110 
517 810 
808 522 
20 704 
20 304 
811 812 
808 48 
656 656 
656 656 
114 812 
61 812 
808 89 
300 347 
43 799 
109 813 
808 631 
109 631 
814 810 
388 109 
442 47 
815 110 
815 522 
27 810 
728 90 
505 278 
162 162 
89 505 
598 57 
146 347 
31 278 
