5518 3101 
1352 13442 
4297 13417 
13443 5180 
315 2029 
4874 12028 
4631 12028 
6751 13441 
6721 13444 
1805 12028 
4732 13417 
2215 13445 
2351 13445 
1532 4025 
8660 12028 
1809 13446 
13317 13045 
522 12028 
77 12028 
4631 12028 
3230 12028 
1805 13447 
7078 11275 
1050 13447 
4683 12218 
1611 7008 
901 12028 
3095 7008 
13448 8141 
4847 12028 
3986 13449 
1350 12028 
2905 12028 
11688 12028 
6844 12911 
2275 12194 
9846 12194 
13450 13450 
13388 609 
8660 4397 
6721 7008 
8376 11182 
1234 13369 
8178 7008 
3553 5836 
8415 9014 
5493 13451 
6721 13451 
925 6805 
1350 12028 
1532 13451 
2474 3350 
8550 4397 
11573 10828 
10194 10828 
5279 6805 
6751 13451 
3052 13452 
4011 13451 
4025 4025 
