7255 2579 
1541 656 
2704 7256 
60 6958 
153 2486 
1509 7249 
1248 679 
7243 7243 
1985 7245 
567 7257 
5894 7258 
7251 1408 
850 6803 
724 6469 
6209 2374 
7259 3957 
3793 3793 
7251 1619 
2022 2486 
268 300 
6530 679 
4902 7101 
1050 7250 
134 2374 
7260 3095 
7186 4917 
3291 7018 
726 837 
2811 347 
5087 1959 
4107 347 
1768 73 
2481 7261 
3320 7018 
850 7262 
1381 1507 
1943 74 
5412 5412 
6073 7262 
7263 1408 
2481 3793 
5237 1408 
5941 1739 
5298 4454 
6193 798 
44 74 
1939 7264 
138 7264 
453 883 
6543 7250 
7018 7018 
5298 7265 
7266 798 
5185 7267 
3024 1939 
7198 1408 
1522 27 
526 7183 
6530 7247 
