15533 15533 
4902 16854 
11038 19304 
4902 19304 
4769 13045 
4902 19305 
2725 2157 
6588 2725 
7449 19271 
2447 18404 
2725 11688 
19306 1831 
19307 15223 
2187 19308 
1108 11688 
7804 6806 
19309 19309 
894 2157 
4972 16956 
7804 19310 
575 19311 
575 76 
19257 16116 
5092 8449 
2534 2136 
2534 539 
19044 16753 
2388 2136 
2388 2326 
19312 19312 
9334 2725 
48 34 
7095 19313 
162 759 
8813 7447 
10659 15198 
6987 19314 
18422 18422 
1790 16956 
16768 19315 
11038 17312 
2713 8813 
6543 18129 
15322 19134 
19316 18129 
2725 19317 
