475 2570 
3052 1589 
3053 1291 
1293 1319 
31 73 
2215 2934 
188 726 
62 73 
1851 352 
1541 73 
837 73 
837 73 
31 73 
1730 62 
2963 2175 
2548 1291 
2393 1207 
2077 539 
850 2175 
47 65 
1343 442 
3054 1173 
1236 1173 
47 73 
1400 1207 
153 1207 
86 288 
2392 537 
690 110 
2077 73 
57 1207 
69 2327 
3055 110 
3003 2830 
3003 3056 
1373 73 
2548 2327 
1350 1319 
1727 65 
850 3057 
837 73 
204 1237 
1768 872 
2682 2207 
412 1291 
2963 1237 
1343 1343 
80 2620 
408 2830 
408 408 
2986 2986 
2964 27 
2964 2370 
3053 184 
43 73 
2214 2964 
2763 2964 
47 73 
724 3058 
1618 2964 
2704 3058 
679 2964 
2714 3045 
287 2964 
287 2964 
724 2704 
3051 2964 
1890 288 
402 2964 
2541 1074 
1259 73 
2671 3058 
1542 2964 
284 3059 
431 73 
2763 3060 
2996 3060 
