6987 4735 
6501 6501 
2429 11727 
995 11727 
11728 11684 
4391 2856 
10659 6239 
11729 11730 
4126 6239 
4902 6239 
4952 800 
4391 2856 
545 6239 
1343 11716 
11731 1108 
11732 6351 
3440 10810 
7576 1350 
1108 11686 
1682 9342 
11688 4363 
11559 4363 
7933 7933 
123 4 
29 8449 
681 4363 
3842 4363 
10293 4363 
1995 1350 
3003 1350 
3003 1350 
6585 1350 
11733 4363 
11637 9342 
11462 8667 
4297 11727 
575 3080 
4297 248 
2215 1247 
3291 10621 
6551 11655 
11359 77 
138 4363 
4076 4363 
3928 7906 
1495 7906 
