1350 5208 
2429 5211 
2481 2534 
2246 3305 
153 5210 
656 2704 
1851 1099 
4005 4856 
1352 1350 
2633 4918 
27 3928 
138 199 
2215 2986 
3394 1560 
4692 1418 
3684 4220 
5061 5212 
5180 5212 
4902 2996 
530 2996 
4005 4902 
532 4446 
2996 140 
1099 1099 
47 2743 
4878 3928 
5213 5214 
3285 5214 
57 2996 
247 4220 
4771 968 
4779 856 
2704 5214 
1259 571 
4902 5215 
5216 1350 
368 5217 
34 5061 
1760 5061 
20 5061 
4072 2996 
532 726 
1381 5136 
2214 4845 
532 3843 
5172 569 
1784 5061 
47 5218 
446 5061 
935 5136 
5219 5061 
532 4795 
532 3643 
1509 3825 
3051 5214 
2963 569 
1890 571 
140 5214 
4902 5217 
