177 4683 
1805 3387 
4631 4683 
4011 4683 
1522 4683 
4952 240 
1032 5268 
4297 572 
2826 856 
4682 3627 
84 1961 
5180 4962 
2411 1961 
4446 2554 
4446 2554 
5268 5268 
84 4178 
182 3961 
182 1170 
555 5270 
4005 5270 
150 3189 
3308 5271 
850 2879 
74 2632 
5272 2355 
3425 2632 
1267 1350 
3553 441 
2711 1032 
5 5273 
4011 5274 
5185 3540 
3012 2632 
1326 1767 
1645 2632 
1714 4178 
2640 4178 
5273 4178 
1170 1170 
5265 1762 
278 1170 
47 1767 
1050 1170 
4744 5271 
3108 1350 
3918 656 
3108 1350 
47 101 
724 2704 
278 2355 
1350 2355 
287 5275 
698 4975 
5276 1805 
2714 1805 
