575 3364 
2229 3725 
3736 3364 
3742 34 
153 2175 
997 3222 
1539 1539 
945 2562 
278 2355 
2497 2497 
879 1539 
1513 1539 
1461 418 
257 2497 
1611 1539 
881 1539 
881 2853 
686 1539 
837 1539 
1910 283 
2481 283 
2481 1907 
3743 283 
1562 1173 
609 3717 
609 571 
2548 571 
77 571 
1513 3744 
389 571 
2671 1539 
2671 1539 
3560 3745 
835 1907 
1099 2211 
1108 2175 
3746 3725 
3747 418 
3748 168 
2868 2175 
400 1539 
835 3749 
3516 1640 
412 3643 
965 1190 
2868 3643 
571 1323 
1638 1323 
3519 58 
1494 2336 
97 2336 
3364 571 
