3763 3726 
1499 903 
459 903 
3763 3774 
1108 3773 
2684 3775 
2853 2856 
2760 2856 
3085 3248 
2474 43 
3117 818 
42 43 
3776 3455 
888 3777 
3516 3114 
3778 3726 
1050 3778 
3540 251 
3686 2535 
1759 3387 
3643 3773 
312 3773 
1611 2681 
3466 884 
2061 2087 
881 3779 
3074 3779 
1259 1518 
1259 903 
2216 43 
3780 3779 
1619 421 
3781 3643 
3727 3727 
2704 2049 
3117 428 
2704 884 
2588 3782 
835 3783 
3784 3051 
2704 616 
1611 3779 
850 3782 
74 283 
84 616 
901 616 
1248 2543 
3785 3381 
42 43 
27 3773 
1259 3773 
2481 2576 
2481 3782 
