4631 20243 
20341 20341 
3159 20243 
2535 20243 
410 20243 
17773 2535 
1632 5205 
995 9674 
2853 20243 
10659 20243 
10659 5205 
2535 20243 
1893 20342 
20343 20342 
1608 19460 
1611 20243 
3159 20243 
19188 7277 
9819 20344 
4072 20243 
27 11639 
5421 19375 
1356 1356 
20243 20243 
14818 20343 
20345 10561 
4924 6672 
5719 4902 
315 16923 
800 9036 
19292 16634 
1371 13638 
4902 18324 
629 20243 
20346 1170 
20243 20243 
6126 15000 
4902 1170 
20347 18324 
5180 16346 
3034 20348 
16827 20349 
18346 16346 
2535 15276 
7686 410 
1350 20243 
77 8449 
