5180 10847 
9479 6593 
10578 5769 
5941 10846 
6510 10844 
834 5161 
10848 9842 
4902 256 
4011 10849 
43 10844 
4902 6669 
995 7735 
5126 3291 
9510 3291 
7447 3291 
1682 1682 
10659 8509 
27 8506 
1890 8506 
2481 4497 
5972 10850 
6193 10850 
7708 3291 
97 10166 
7804 3291 
4972 10166 
5972 256 
1556 7008 
5086 7008 
3540 8750 
3881 9479 
10851 10852 
3400 1468 
8805 1234 
8904 9736 
4027 10828 
10853 7008 
571 1957 
10667 1828 
10854 572 
10842 9842 
9238 9736 
4072 10852 
3928 3928 
1890 1234 
850 9391 
10853 10837 
10855 3301 
3117 834 
10853 9860 
6126 3117 
3928 9070 
1290 10166 
4972 10166 
4011 7008 
10691 76 
3411 10856 
901 572 
724 10828 
8200 10857 
4011 10858 
10061 572 
