450 2136 
256 2355 
3320 193 
43 3627 
4902 2379 
4397 5297 
31 2379 
4902 4159 
43 77 
1749 1749 
5298 3627 
27 2136 
616 3928 
1452 5299 
4297 3201 
2640 3484 
4397 4852 
879 4852 
2711 3148 
1377 283 
2090 1971 
1730 5300 
1 572 
4779 5279 
288 2379 
47 5301 
5279 5279 
2252 1760 
5302 5301 
726 5047 
77 3484 
4005 5047 
245 2136 
188 2136 
3872 1099 
5303 1272 
1611 4845 
2187 5303 
1234 4845 
5180 1272 
3480 5304 
5305 3484 
2960 5303 
1050 4795 
4217 4845 
405 4845 
778 5303 
2256 2379 
2053 821 
5291 5303 
2437 5302 
4397 5303 
1259 5306 
3095 2486 
2765 2136 
3394 968 
1749 5303 
1522 4845 
5307 5303 
2856 5303 
4952 4159 
3320 1786 
2429 1786 
4397 5303 
974 974 
1749 5308 
