5701 5701 
84 5707 
1352 5113 
2481 3394 
5708 128 
2468 5697 
1890 5707 
726 5709 
1248 2576 
4631 5709 
5499 5707 
575 4163 
627 5710 
4397 1291 
5711 5617 
410 5625 
4182 1291 
995 5625 
4902 5625 
4297 2551 
42 2551 
126 2551 
1259 2551 
4756 2682 
4167 5047 
837 1157 
1817 2157 
5712 4148 
5713 2551 
4631 115 
4297 1157 
1270 2704 
5714 4421 
5283 2266 
3986 710 
1611 2534 
1607 4032 
1050 4902 
5713 4902 
555 2266 
380 128 
679 710 
5711 5617 
4454 5650 
4454 2682 
1760 5715 
2158 2534 
5452 5710 
4297 5605 
2388 4805 
1890 5715 
5716 5716 
589 2534 
2089 5402 
2351 115 
134 710 
5640 288 
1321 5650 
4631 5084 
