1197 405 
9177 4593 
9195 1678 
5308 5308 
2758 968 
3258 2964 
6425 8818 
2569 8818 
4902 7164 
3394 9196 
5499 2964 
5499 2964 
4902 9197 
5457 5457 
2351 9198 
2958 9199 
3553 968 
7325 9181 
238 1247 
158 4834 
4902 7164 
199 4834 
4902 8750 
3670 653 
945 9150 
27 416 
8633 8251 
9200 9201 
616 9202 
9200 9194 
61 95 
3540 7164 
6645 8061 
3540 9164 
4397 9203 
284 2576 
9070 95 
2758 8251 
7062 9181 
3320 5616 
194 4953 
7407 7164 
5116 8837 
4545 9204 
245 2782 
2704 3150 
3095 850 
4104 903 
