5298 3881 
3394 3881 
468 278 
6241 2323 
2281 6306 
188 2599 
372 5326 
850 5636 
5772 901 
2681 901 
74 6209 
6311 4902 
2481 5595 
48 315 
5481 5481 
2640 6306 
2535 6302 
77 6312 
2713 4902 
5180 6302 
1309 6308 
562 5910 
508 6313 
850 3484 
877 6312 
368 6314 
368 4220 
4281 6312 
5402 94 
1333 6314 
134 5186 
71 616 
759 97 
368 5728 
3928 5728 
5019 97 
4497 5728 
1050 3484 
3697 6315 
3746 3697 
1995 4065 
6316 6313 
5518 5636 
5676 5402 
2053 4220 
1259 5402 
43 6317 
3095 1749 
4769 6317 
4072 6317 
2856 5381 
5721 2266 
6239 6137 
4902 6318 
5497 5381 
4902 6317 
4902 6319 
5928 679 
1656 6320 
