13209 1264 
1851 13393 
1604 278 
4952 5522 
4104 5883 
724 8955 
3540 13394 
4072 8955 
5623 13395 
1532 12194 
1951 3736 
5185 9066 
42 12377 
13396 4458 
2351 10627 
575 2114 
850 12518 
13397 2707 
9764 13066 
431 13066 
194 13066 
4874 13066 
11469 13066 
3607 13066 
34 7139 
4719 13398 
2905 13066 
77 13066 
724 13399 
6241 2963 
9692 13400 
194 13399 
1352 13394 
11543 10260 
8948 12960 
4593 13320 
13320 13072 
11038 12960 
13311 4682 
6316 13066 
410 13072 
3928 11187 
8485 12719 
6721 13066 
13401 4992 
10521 13402 
10695 8388 
13388 1352 
800 13394 
3881 1352 
13388 110 
6721 13403 
8515 13066 
8904 13404 
837 11329 
9819 9795 
12054 9795 
4407 9795 
8550 1853 
11038 9236 
1532 13403 
