575 901 
2541 5477 
616 616 
945 1247 
4297 1247 
5172 5585 
354 914 
5590 199 
4682 4682 
5591 558 
503 5577 
5544 5592 
5367 3095 
5593 2339 
5594 599 
1005 5595 
1259 558 
995 5591 
5578 5596 
3627 3095 
47 5085 
2711 5597 
877 5085 
3627 3398 
86 5596 
5506 3695 
1890 5596 
945 2351 
1611 2541 
2055 914 
1638 2541 
5418 1682 
4934 5595 
5417 91 
5598 1381 
4975 2175 
426 4481 
3148 3148 
759 945 
2765 575 
173 945 
2704 76 
4011 5085 
5417 656 
5599 945 
84 945 
43 1682 
3798 5600 
157 3695 
837 5596 
3095 2356 
5520 945 
613 2356 
1855 5601 
4297 2351 
4005 3627 
194 4958 
459 945 
575 915 
4779 1247 
5599 638 
3247 4958 
995 2383 
3719 945 
3308 945 
1768 2383 
18 856 
15 4958 
199 960 
2142 76 
4689 3387 
420 76 
5602 5603 
2411 4958 
3074 1119 
1611 5603 
4751 5603 
4163 915 
2763 5424 
3627 575 
2892 199 
95 5574 
15 5574 
5604 3387 
901 901 
4011 5059 
5086 4958 
4744 428 
5417 64 
3054 1173 
1843 5605 
