43 3364 
5452 2239 
4769 2599 
6334 167 
44 3364 
77 3364 
1121 4245 
3364 6316 
2481 6316 
3640 2988 
433 1867 
2281 118 
2215 118 
6488 116 
5499 6446 
3553 2239 
4769 293 
3320 75 
4845 2394 
236 75 
4397 5728 
6359 2239 
5279 2420 
2246 5728 
877 3364 
856 3364 
6489 3364 
3247 2599 
6474 293 
837 3364 
837 1582 
679 1582 
4902 6056 
6490 3364 
6113 2599 
3540 1931 
2711 6491 
1521 2239 
488 6316 
2763 220 
2621 220 
6334 158 
1522 220 
6492 293 
2359 6316 
6303 6493 
6422 6493 
3789 1452 
6486 4219 
4397 6493 
837 6493 
6494 2599 
4682 6413 
6243 1197 
4902 6284 
3239 6495 
5520 6056 
2704 6496 
4631 6493 
3542 6497 
