253 128 
98 96 
77 128 
26 110 
121 96 
189 93 
89 104 
81 26 
81 26 
4 93 
89 104 
95 26 
89 104 
89 151 
89 151 
121 34 
254 93 
158 104 
158 84 
146 26 
110 26 
1 1 
255 26 
122 26 
256 118 
140 94 
26 4 
122 217 
26 26 
257 251 
57 258 
5 244 
97 258 
150 246 
158 258 
81 57 
146 1 
123 26 
4 259 
260 208 
3 261 
81 262 
84 97 
204 97 
263 262 
42 264 
31 97 
86 97 
204 31 
84 31 
88 26 
140 31 
131 259 
84 31 
44 26 
188 31 
4 97 
265 1 
266 97 
220 26 
44 26 
163 31 
267 26 
267 26 
27 97 
188 1 
99 69 
197 1 
188 94 
81 268 
197 268 
44 26 
193 269 
121 270 
196 97 
193 26 
121 268 
44 270 
271 27 
271 94 
272 1 
48 273 
121 273 
120 31 
86 77 
38 27 
26 77 
48 98 
77 84 
167 77 
121 65 
3 77 
26 231 
182 84 
4 231 
38 94 
274 97 
86 204 
121 77 
275 27 
233 231 
182 110 
276 67 
277 69 
236 77 
20 273 
278 67 
139 268 
278 279 
250 97 
171 4 
130 204 
109 280 
57 57 
114 110 
109 90 
281 26 
123 204 
129 110 
282 86 
283 223 
284 279 
244 84 
204 110 
94 26 
283 110 
285 286 
148 265 
43 286 
231 110 
43 110 
162 27 
287 288 
283 77 
153 1 
153 139 
178 1 
77 27 
171 94 
171 26 
248 94 
233 94 
31 223 
199 223 
134 94 
265 93 
98 273 
98 248 
4 94 
43 34 
199 121 
199 34 
257 289 
66 27 
34 65 
