17294 10426 
850 850 
158 10426 
6358 10426 
4128 10426 
6721 10426 
16333 10426 
14818 48 
14618 17365 
15732 4160 
17243 11266 
7617 8904 
47 73 
3712 10426 
15732 17704 
2714 17705 
5180 17706 
4902 17707 
4902 6243 
5180 13969 
3883 17686 
9764 14476 
12404 12404 
6380 17708 
2566 17709 
8904 8904 
16599 76 
2704 17072 
3320 14349 
4902 1870 
4076 17072 
1738 10426 
14618 17710 
7095 10426 
7898 10426 
9778 10426 
7095 10426 
12036 10426 
256 10426 
8078 10426 
14548 10426 
256 10426 
3593 17711 
7708 10426 
