1248 9479 
9238 6784 
3239 4056 
16105 1790 
4902 16106 
11038 4056 
9238 60 
726 8487 
15550 13973 
2061 16012 
13156 8840 
8660 13973 
10855 16107 
8660 4056 
850 16108 
2704 16108 
2061 16108 
43 4902 
1248 14813 
2083 312 
9959 16109 
6510 537 
98 10424 
1352 16106 
1995 16110 
1089 13133 
2714 10371 
3239 13317 
8904 8904 
14618 16111 
10668 16112 
16100 8499 
9778 599 
16113 3279 
4007 16114 
5092 8487 
14618 16093 
4269 599 
850 6672 
284 13024 
16115 60 
5365 12385 
15481 12385 
14089 5457 
4902 11628 
14145 16116 
4631 16116 
15522 11817 
5180 11351 
