1247 1926 
1638 3201 
77 3402 
1053 3201 
3181 1926 
459 3402 
834 1963 
1259 1099 
564 2964 
76 119 
3416 3417 
811 3417 
368 3417 
1138 2336 
1738 3417 
287 3417 
97 3417 
2256 1046 
2481 128 
564 2704 
1509 2287 
2714 3418 
2092 1099 
77 3417 
2280 2425 
3419 977 
77 47 
504 2073 
459 3417 
616 3417 
997 2964 
153 3420 
726 2073 
34 77 
2957 570 
3340 3238 
3421 9 
3422 2383 
3422 679 
3422 2811 
3422 304 
3422 1288 
3423 3424 
287 3420 
759 2727 
1768 3006 
3334 679 
1247 47 
759 2073 
2548 47 
1247 3417 
2216 3417 
3217 3064 
3425 2425 
3426 3422 
3425 2425 
3394 2287 
204 2727 
3398 3170 
3295 679 
153 3422 
153 1567 
2411 634 
1738 2995 
2704 3065 
2411 3065 
3427 570 
3084 3065 
1738 153 
2856 153 
71 153 
1047 3065 
285 153 
2714 153 
1760 153 
1190 153 
38 153 
1248 2425 
837 1099 
43 77 
442 153 
3428 1 
3186 153 
3316 2447 
2717 153 
3429 153 
1645 3430 
