335 162 
146 264 
238 26 
188 26 
336 1 
337 44 
132 323 
337 273 
335 273 
248 77 
20 288 
298 77 
4 338 
121 110 
81 338 
27 77 
257 339 
43 273 
140 44 
340 341 
299 26 
342 341 
1 4 
158 326 
153 128 
199 128 
333 128 
77 304 
304 304 
77 304 
57 338 
43 27 
343 305 
344 96 
143 304 
244 304 
77 304 
3 128 
345 27 
43 327 
188 27 
110 304 
77 304 
110 128 
140 128 
110 128 
346 327 
204 128 
94 304 
110 347 
278 128 
340 347 
332 128 
238 48 
127 278 
294 348 
29 278 
349 27 
303 128 
271 319 
122 96 
238 97 
29 128 
350 128 
122 110 
43 327 
351 90 
44 77 
120 27 
34 34 
95 128 
306 128 
137 128 
137 304 
44 4 
95 128 
84 128 
3 304 
352 128 
189 84 
98 224 
224 332 
353 304 
224 65 
121 332 
3 332 
94 332 
245 31 
354 77 
224 304 
5 304 
5 355 
1 355 
352 304 
356 304 
98 357 
337 31 
3 1 
337 1 
77 304 
81 96 
102 1 
123 158 
140 304 
167 65 
44 1 
65 77 
44 358 
167 77 
77 359 
121 158 
110 77 
20 294 
121 359 
343 80 
65 231 
20 128 
20 304 
335 99 
110 3 
360 251 
26 77 
159 77 
234 196 
361 332 
361 304 
109 27 
109 48 
26 27 
109 273 
31 196 
123 77 
50 304 
318 77 
114 248 
43 358 
354 77 
362 128 
204 196 
363 128 
120 196 
87 77 
153 304 
364 304 
365 77 
224 31 
366 289 
150 304 
77 367 
171 273 
332 332 
43 3 
77 332 
282 48 
368 369 
121 166 
