2763 115 
1851 5501 
1355 77 
43 5501 
2868 4902 
4568 5502 
3054 115 
15 4902 
188 115 
4902 347 
4246 347 
872 77 
4011 1577 
43 1577 
4007 347 
575 1749 
3540 3308 
3872 77 
1940 2218 
1790 957 
3540 4795 
4220 115 
2535 4795 
2187 60 
4625 115 
4263 5249 
1589 4534 
42 60 
224 4534 
4771 903 
3986 5503 
182 5504 
3333 950 
3057 9 
4137 4817 
575 724 
4719 4795 
2711 950 
1078 539 
947 1525 
5505 5503 
2351 2425 
3986 248 
389 248 
5126 2534 
5506 4992 
686 950 
1381 347 
5507 950 
2827 1247 
1036 5495 
453 5508 
43 1909 
1614 1797 
194 347 
627 115 
3320 159 
3364 115 
4751 5509 
442 459 
4059 1577 
3840 3565 
