2717 609 
2664 2114 
3364 2114 
726 2114 
2964 4220 
1928 2136 
1369 4220 
2481 1121 
4224 4208 
3516 4225 
835 4225 
3853 2671 
4226 3627 
2481 4032 
3751 2136 
2481 4227 
1805 4228 
2638 4228 
278 3019 
3090 1957 
850 4032 
877 2948 
708 3087 
3986 4228 
3949 1049 
4217 2136 
2714 4229 
3643 2049 
1790 2049 
850 2049 
3840 2049 
1805 2049 
3578 2049 
43 4230 
653 571 
238 571 
2548 86 
3104 4231 
122 2049 
4059 987 
57 3914 
34 2638 
3670 571 
3364 2576 
84 571 
850 2576 
2640 667 
2640 86 
1522 987 
2640 4232 
2640 278 
2640 4059 
2640 2763 
2640 2475 
2640 4233 
3540 2136 
4207 4207 
2957 4231 
1522 1343 
2267 3576 
2267 571 
4234 2136 
4235 3177 
4076 4010 
158 4231 
473 3022 
2061 4236 
2714 3022 
872 4042 
995 4233 
850 533 
2633 4237 
1760 3576 
284 4237 
945 1351 
3333 533 
418 2049 
281 4042 
2599 759 
47 759 
278 2049 
2267 4238 
3719 1677 
2 1351 
3104 1343 
43 2475 
2446 1247 
4239 46 
1890 4238 
945 4240 
256 2136 
3643 46 
3425 1247 
309 679 
1522 539 
