2758 4514 
9838 4902 
5972 7832 
9839 4458 
6964 9095 
7078 450 
6806 6806 
9778 4802 
6987 1744 
2765 1744 
199 3372 
4497 9840 
6751 9836 
199 4795 
9619 4246 
1062 5732 
850 9410 
9764 9410 
3095 9835 
575 6987 
1050 9841 
4346 9103 
1718 9842 
708 9843 
4643 9842 
3425 1062 
9479 372 
1115 1115 
2608 5732 
8431 4246 
8948 372 
2608 4470 
4643 9844 
6073 4470 
1036 1036 
2136 9845 
2856 8825 
5298 8825 
9842 5430 
1050 9842 
3425 9842 
850 3205 
5298 9736 
43 9846 
9847 457 
9647 457 
5298 5825 
4692 2681 
8819 6987 
4751 2681 
97 6987 
4769 9845 
77 8536 
4751 3834 
71 1468 
572 31 
1939 8445 
