153 1350 
2785 1916 
2893 2890 
2811 1350 
2894 2843 
2629 2895 
2411 2895 
2763 2895 
2766 304 
2632 304 
459 2892 
1890 2270 
1343 2895 
850 919 
2896 2425 
1309 919 
2267 808 
1248 919 
681 2895 
925 808 
2897 572 
299 2895 
2033 304 
2898 2360 
2214 2895 
158 282 
1611 2763 
188 808 
945 2425 
43 2892 
2899 1350 
76 2895 
2711 919 
688 1350 
2548 1350 
2216 1350 
408 2304 
1619 2900 
572 834 
2267 282 
2763 2901 
2902 2370 
2214 1321 
431 90 
285 2894 
2704 850 
2697 2697 
1368 2450 
412 2895 
412 1173 
834 346 
1381 2304 
2714 90 
2543 90 
15 90 
224 2903 
