5740 11096 
11097 722 
11098 722 
5972 11096 
5972 3540 
6751 11015 
10853 3698 
1402 11095 
1371 2543 
78 2543 
2267 2543 
4902 11099 
38 1377 
3324 1377 
199 2543 
10659 11058 
8660 2543 
10659 11100 
726 1377 
10791 1377 
11016 2543 
10933 3643 
1951 11015 
6241 834 
10580 1377 
5941 7843 
11101 2543 
27 11102 
6619 1350 
4902 8061 
98 834 
11084 6303 
315 834 
3540 3532 
2143 9276 
11103 9276 
2714 3643 
11084 135 
405 2543 
2136 2266 
194 7843 
111 9959 
2717 11104 
382 10807 
6174 3271 
1513 10111 
7726 7843 
1513 9759 
11105 7898 
431 184 
