6987 1170 
564 2136 
9870 11331 
1197 1170 
5093 5493 
6334 11511 
9334 9103 
3087 3087 
7652 2029 
10659 9103 
6126 10216 
11309 10632 
3607 4795 
5298 2535 
821 11547 
4902 3159 
8660 2535 
382 11548 
5192 11549 
3914 5430 
2714 3087 
2714 7447 
2974 5883 
1509 5883 
2215 1835 
834 7688 
189 10465 
11309 925 
7309 3087 
7804 10968 
44 653 
6751 10695 
4297 5883 
7804 10782 
11550 10782 
2621 10782 
11038 11545 
44 9788 
11551 459 
2187 11552 
1194 11552 
572 11553 
6126 9788 
5518 11552 
11554 11555 
10659 9788 
6126 10216 
10659 11545 
98 1247 
2714 862 
7804 2843 
8904 8904 
