27 27 
1352 1118 
182 364 
1248 1189 
1423 450 
1400 40 
1323 75 
1259 1424 
726 110 
1400 1264 
368 110 
945 1425 
1247 27 
31 110 
1259 27 
599 1422 
459 27 
726 27 
256 27 
1352 1045 
1236 110 
1420 726 
1030 110 
182 1426 
1427 110 
69 110 
74 1209 
299 1272 
84 1428 
569 158 
850 1209 
945 945 
368 1428 
834 1351 
850 1426 
368 158 
95 158 
888 158 
84 1429 
681 1406 
158 1429 
1430 27 
822 158 
15 27 
850 1209 
1248 1209 
1209 1282 
960 420 
850 1209 
1400 1209 
1343 1352 
81 420 
199 1189 
1030 1431 
768 1431 
102 945 
596 1432 
1259 459 
1259 459 
1036 1394 
299 1394 
1236 656 
26 1394 
1209 656 
1352 1426 
1352 420 
1433 877 
1092 233 
768 1431 
215 1434 
366 656 
182 1435 
562 656 
