3095 4302 
2714 2682 
134 570 
3384 901 
4297 901 
2599 901 
4186 1651 
138 2682 
4072 1959 
4303 3670 
278 4005 
204 97 
1259 97 
77 4304 
2256 901 
4305 3607 
388 238 
74 901 
995 2682 
4297 2554 
4297 2554 
2351 97 
4297 1769 
4299 3842 
3696 798 
27 101 
34 4304 
4297 667 
4297 2374 
1768 1927 
3540 4304 
4297 110 
3095 3715 
3540 3842 
2267 2554 
4269 233 
3320 1939 
281 901 
3746 901 
3825 1025 
2758 3285 
2145 1025 
1550 2070 
4306 901 
3247 1525 
2113 1803 
4307 3842 
3383 1939 
3881 1968 
1381 4308 
153 4309 
1522 608 
2997 1928 
4005 1525 
3095 1749 
1350 2682 
4310 4309 
4310 4309 
3879 3477 
2714 1525 
