2510 3658 
1032 3922 
3364 2087 
2021 3923 
1995 1247 
778 3923 
599 3919 
564 3923 
1259 571 
3840 599 
997 3919 
656 3919 
3755 1236 
1963 3455 
2211 3919 
2351 3658 
2351 3658 
834 3658 
1270 3754 
3924 278 
759 368 
1259 31 
34 2730 
237 3523 
445 3925 
2234 1489 
3607 1248 
3425 2780 
2533 3919 
3095 2087 
20 368 
3425 1170 
3425 1062 
2550 3926 
3927 3884 
572 1049 
3394 1247 
3367 3095 
3928 27 
2763 3929 
2629 3929 
3770 1049 
3930 1247 
1050 3929 
1780 3929 
1780 3095 
3627 3095 
1050 3931 
1050 3897 
1321 3897 
3364 2526 
1236 3658 
3364 1489 
1761 3932 
1408 355 
3840 1198 
95 1356 
1522 1248 
2764 1356 
1270 1049 
2021 3933 
708 3523 
3120 3933 
1004 2915 
850 3934 
1248 3934 
