13238 13239 
1985 13233 
1194 10948 
138 10948 
575 668 
11038 3928 
7804 13240 
4952 12934 
1532 13241 
10331 6241 
2216 11152 
1177 13239 
13242 408 
1890 10644 
13243 8900 
3247 12934 
850 11887 
9692 13244 
4972 6241 
4104 11879 
3455 12934 
759 13066 
2447 10468 
9764 11266 
12194 5375 
12194 5375 
616 13173 
7804 10627 
13245 4266 
1050 8506 
4952 11845 
13246 11845 
13066 13066 
9797 10627 
5279 13247 
5092 13247 
2892 4732 
5185 4732 
1355 4540 
5612 4540 
13248 8774 
2510 13249 
11688 4540 
12054 4540 
2571 13066 
4593 12999 
2122 11845 
2481 13250 
2481 13251 
5950 13252 
8819 13249 
4952 2180 
3320 12484 
850 13251 
