27 1224 
7403 304 
7149 1453 
6380 1453 
1835 7214 
43 5127 
7386 7196 
1851 5127 
835 3835 
138 77 
7116 7404 
7405 6412 
526 771 
5481 349 
4902 3835 
4407 7406 
7326 31 
5241 7161 
1611 7161 
188 1224 
2481 1818 
6510 4072 
575 7158 
5397 77 
890 4606 
7028 6292 
850 5066 
2481 5066 
5241 1582 
5241 850 
1259 2554 
6530 850 
2481 850 
7021 5446 
575 6669 
892 7028 
6530 5066 
7407 3752 
7408 7196 
7095 7409 
3320 7410 
6334 1361 
1338 1752 
892 2370 
98 3095 
5185 2984 
546 3095 
6577 3095 
97 7324 
5185 2 
4011 7161 
77 546 
4902 7407 
134 2 
7358 3634 
7411 7412 
4902 3881 
7344 6179 
