7898 8939 
4902 11393 
615 11349 
84 11393 
9870 11394 
5972 2988 
1350 1248 
1352 10277 
10186 11319 
11395 7543 
4795 4795 
11396 11397 
7708 2714 
1890 11398 
6193 304 
8660 304 
2704 11330 
6126 11375 
10482 2704 
7804 2704 
10659 2704 
5281 4674 
9747 11399 
4133 5116 
616 11269 
5093 4795 
5763 5375 
2714 11307 
835 11306 
4397 7768 
346 5375 
850 3230 
7094 11319 
6174 4795 
11400 11401 
2892 11398 
4633 11398 
11402 9384 
2580 11269 
4633 7542 
6334 11398 
11403 7504 
4477 8591 
2704 11404 
7804 11329 
