2764 1963 
3935 644 
90 1489 
1247 3934 
616 3523 
3936 77 
2234 3765 
1805 877 
3935 2006 
901 3523 
3937 3937 
2187 3938 
1910 569 
2021 81 
256 1177 
138 569 
3939 287 
609 3940 
193 2374 
182 2811 
609 2811 
47 3938 
3247 656 
3387 1981 
571 656 
2187 1928 
3649 571 
3320 2374 
3941 3915 
196 3913 
47 3913 
31 31 
850 757 
2711 757 
1611 877 
158 284 
2704 2811 
3942 877 
575 3765 
120 901 
3384 3095 
575 901 
61 3600 
555 3318 
3823 656 
555 609 
3540 2811 
1805 3425 
368 1592 
20 1592 
3943 3943 
3823 2811 
2215 3944 
90 184 
1050 3943 
47 1592 
3138 3945 
1928 3945 
140 1050 
3247 1050 
2963 656 
768 2370 
2416 3923 
383 253 
687 253 
182 3425 
70 850 
312 1963 
564 3577 
3946 2704 
43 3888 
3425 3577 
3947 3425 
1287 3948 
