44 13369 
8431 13358 
6721 5958 
9513 13369 
12228 13370 
2704 13365 
5459 1326 
1108 7780 
1532 5958 
12028 726 
12518 877 
109 95 
42 8660 
13371 5958 
5092 3230 
13371 13372 
77 5883 
3540 13358 
4342 95 
644 4381 
6751 7826 
5180 7826 
1343 2077 
11436 11845 
71 5418 
12997 11573 
12194 13373 
12194 5418 
11688 278 
555 13358 
13374 13375 
6721 11845 
1352 13358 
1828 13376 
13345 9014 
13045 9014 
13045 8020 
13045 4370 
96 5418 
12518 278 
2892 13377 
13045 13317 
13045 13318 
8827 13358 
8376 9014 
11358 5418 
6721 278 
6241 238 
6241 1770 
13288 9014 
12518 7957 
995 11022 
9647 278 
13320 1853 
7708 916 
4342 140 
10355 278 
114 8709 
7078 7683 
1995 13378 
