2211 4672 
482 4565 
2256 3093 
482 4676 
2566 4672 
3320 2383 
575 4677 
1640 1640 
1640 3781 
935 2704 
2640 4072 
4678 2704 
3247 4679 
4577 86 
3781 2704 
3823 2704 
2211 4072 
4675 4072 
2811 86 
2785 4568 
245 4680 
4681 1099 
3095 4682 
47 4680 
4391 2599 
2871 2599 
1201 1752 
2411 4169 
4555 86 
4683 2343 
4684 4072 
555 4685 
555 4676 
965 4598 
960 1134 
2550 1134 
1400 1134 
4686 4510 
1995 4680 
1321 4598 
4163 3054 
2411 3054 
182 4684 
312 4173 
4687 1394 
997 4688 
3247 3054 
1768 1725 
3247 4173 
2588 1036 
3840 2704 
2725 2187 
4689 4202 
