1556 9846 
2704 5182 
724 10268 
9602 5182 
6920 10269 
6904 5182 
6365 5182 
8952 5182 
7576 5182 
2210 5182 
4902 2681 
5504 10261 
8067 5182 
5279 4497 
5927 5182 
141 10270 
2751 5182 
2481 7055 
10249 9842 
5375 10251 
1248 9842 
95 5182 
7878 2764 
2092 10232 
8634 10251 
1611 2681 
4342 8927 
7078 10251 
9306 8696 
7753 6964 
8634 5182 
10217 9732 
10233 5182 
10249 10271 
2892 5182 
2267 10271 
10249 4269 
9870 4269 
10272 1943 
77 10271 
3627 4497 
9287 5182 
850 7055 
2267 10273 
3928 10238 
6543 10238 
4972 759 
8805 5182 
4972 1439 
630 5182 
3881 10274 
10275 5182 
5518 7055 
2158 10232 
410 10268 
1760 6152 
4011 2681 
3320 2984 
7028 4497 
2714 9842 
10276 4269 
43 2984 
8819 10066 
2481 3231 
1710 10274 
4342 7597 
9510 9842 
575 8140 
2868 71 
