65 118 
119 8 
81 3 
81 21 
84 3 
97 1 
26 99 
84 21 
84 75 
120 64 
121 5 
81 33 
77 1 
122 110 
1 115 
123 78 
84 77 
122 79 
124 1 
110 77 
86 125 
31 77 
27 84 
120 31 
126 125 
122 117 
123 77 
69 1 
29 77 
121 77 
47 84 
120 1 
38 77 
38 77 
38 77 
110 31 
127 31 
117 1 
110 128 
129 125 
90 5 
86 31 
124 77 
129 128 
69 128 
5 128 
29 97 
27 97 
130 128 
44 121 
131 31 
132 97 
120 128 
96 33 
3 94 
133 97 
44 1 
134 26 
134 98 
104 31 
98 31 
4 31 
134 118 
84 135 
136 1 
137 128 
136 1 
94 31 
43 118 
134 4 
134 78 
38 97 
80 33 
121 121 
138 9 
62 65 
139 65 
102 135 
20 94 
123 65 
123 128 
129 128 
31 128 
30 128 
140 1 
141 34 
31 142 
143 64 
43 118 
141 144 
84 65 
27 1 
145 48 
146 110 
27 110 
145 141 
29 146 
4 128 
65 146 
1 128 
9 146 
4 94 
147 75 
