3095 9010 
9011 5452 
2252 9009 
2758 5291 
3847 6831 
3540 9012 
9013 8918 
995 2535 
8376 9014 
8932 8932 
3928 9015 
4902 9016 
5302 6831 
3364 9017 
34 5005 
1809 2407 
2143 3582 
2215 2281 
6551 3582 
1542 1890 
3977 2114 
8660 9016 
1350 3582 
1041 1890 
2963 8449 
224 8449 
945 2281 
850 3582 
4497 9018 
5717 1343 
9019 8957 
2704 4363 
27 71 
9020 115 
1961 8449 
4163 115 
1452 6585 
6316 9021 
6359 5985 
8697 4838 
835 3368 
8948 5481 
4633 5985 
8948 4902 
9022 5261 
1247 2136 
9023 4363 
1963 5985 
8945 4458 
2092 1890 
7028 4838 
