337 704 
1318 1408 
850 1170 
1307 704 
1408 1323 
43 1323 
153 1170 
609 77 
1408 1619 
77 1711 
327 91 
346 305 
726 1670 
43 305 
1248 1170 
1408 1323 
1142 1323 
609 91 
877 1619 
81 1323 
1378 1139 
1323 1323 
76 1522 
73 514 
20 1323 
182 1712 
1282 1713 
1658 1288 
616 757 
1525 1714 
1456 1715 
616 1714 
987 352 
1248 31 
368 91 
609 77 
692 1714 
199 31 
1716 26 
158 1717 
368 77 
1036 877 
1717 285 
1030 204 
1718 31 
3 91 
1569 1584 
1259 391 
726 837 
34 1527 
86 1527 
27 248 
1209 77 
129 808 
1236 1050 
1525 77 
1670 31 
1606 1714 
5 110 
679 110 
20 31 
300 1323 
158 1323 
995 1719 
687 1551 
869 539 
1670 1408 
837 1527 
1617 248 
1259 1129 
822 539 
1408 1719 
609 298 
20 298 
287 298 
