15 2374 
1780 4560 
256 278 
15 4561 
256 4560 
256 473 
1343 4562 
4510 4563 
3588 77 
3627 945 
2704 4564 
1050 850 
182 850 
42 1 
15 850 
15 4072 
4072 4565 
1050 4072 
297 4557 
1236 428 
123 4557 
877 4560 
2633 2717 
138 1291 
42 4510 
4421 446 
945 27 
759 1291 
616 3765 
879 1291 
1851 2267 
1099 4560 
4451 1291 
2 2267 
1099 4560 
4297 2267 
138 1291 
368 4532 
77 1291 
1350 1978 
368 1291 
1350 4560 
138 1291 
458 1291 
2246 1356 
4555 4299 
95 1291 
44 4299 
3095 4299 
901 3765 
724 312 
1727 4566 
44 1291 
91 1291 
1995 2267 
4281 4567 
759 3655 
1768 2267 
1343 4568 
382 278 
459 1343 
3560 4569 
15 2061 
558 4269 
15 2856 
2021 4536 
2714 4568 
15 2535 
2267 1291 
835 4560 
285 4570 
431 1291 
2704 3487 
800 2717 
4571 4559 
1108 2343 
2535 4299 
4572 993 
1437 1437 
372 2535 
1780 2343 
2343 2343 
77 1291 
2633 4299 
138 1291 
138 1291 
3247 1350 
3320 1350 
153 4568 
4551 278 
1236 2179 
