2077 3415 
3770 2114 
2411 4961 
3840 537 
2827 4151 
2351 4151 
3095 2856 
3610 4841 
4754 4962 
2510 2714 
3108 539 
4952 989 
4952 2414 
995 4589 
4902 4589 
4963 2531 
77 708 
616 708 
616 708 
1951 4669 
4964 2394 
2704 708 
1784 3627 
1377 4589 
2640 128 
3643 4741 
4965 4684 
224 4966 
562 4967 
4965 2704 
3120 4968 
1343 4968 
182 4968 
4251 2704 
4969 4743 
4969 583 
4877 3247 
4965 1761 
4969 2704 
3540 3565 
1888 583 
1522 4968 
2267 4970 
4397 4967 
3627 4967 
4952 77 
3670 3843 
4952 1836 
4971 1888 
4728 77 
