850 2175 
12402 12238 
1572 8667 
12157 8249 
138 8667 
4633 11016 
3440 12403 
11886 9479 
7390 4056 
5492 5492 
2481 4056 
2275 9846 
12054 12404 
11038 7394 
12361 12361 
5640 4680 
13 4680 
1300 60 
9764 12405 
526 4056 
7078 5376 
1300 12406 
5640 2110 
12407 2110 
9018 9018 
11279 727 
3291 4680 
1108 8655 
4972 9051 
850 3607 
5640 11619 
2640 5883 
8952 8932 
12387 802 
3320 5883 
10842 759 
901 9846 
9846 9846 
2764 2397 
5623 10081 
10853 10081 
1197 9846 
11905 11663 
11359 9846 
11905 12408 
114 9154 
6126 12401 
3553 121 
12054 12409 
3295 9846 
3159 12410 
11359 9846 
12411 834 
1138 12412 
11038 12413 
8904 12377 
9715 778 
11038 12401 
1350 9846 
10842 8907 
2758 60 
