1379 256 
17141 20515 
5623 20515 
4407 15860 
2061 256 
138 256 
1389 13081 
4643 1701 
4952 20533 
16768 9154 
20483 20534 
850 16539 
7898 256 
1890 20535 
6126 11960 
20536 20516 
19324 16715 
6510 19581 
1495 20537 
2187 20396 
20538 1767 
14955 16539 
2216 14062 
2481 3807 
2481 3807 
3320 5643 
5518 3807 
2287 968 
19978 16715 
14782 14782 
9334 18307 
20440 968 
5518 3807 
8276 5733 
4902 20539 
7686 20506 
20540 20539 
3807 3807 
27 20535 
19479 150 
2704 20541 
9334 20542 
995 20543 
43 821 
5185 150 
1108 15883 
