153 4623 
4615 4615 
4381 2535 
995 4626 
4261 3408 
2995 4072 
3247 138 
84 4072 
609 4626 
4627 4553 
2811 4072 
2429 3910 
4625 4473 
2811 4072 
2811 4072 
1961 90 
4397 704 
1408 76 
1910 4628 
15 2206 
2785 2029 
15 2187 
4629 3364 
2811 4581 
2811 4581 
1099 3364 
4392 4458 
706 2764 
1408 4392 
57 3364 
4630 2187 
3095 2374 
1499 4086 
4620 90 
1701 98 
1727 2383 
3660 4631 
15 4631 
835 4626 
925 2374 
3419 3387 
4383 1884 
1371 4072 
3881 4454 
2240 76 
2267 300 
1664 4072 
1704 76 
850 1749 
505 4458 
4246 134 
4632 4633 
2714 4634 
2098 4454 
3977 27 
2446 2875 
3770 3977 
4631 4072 
77 2704 
2681 2704 
3696 4635 
95 4635 
256 86 
4636 3977 
2077 4230 
