1727 31 
1826 2063 
2039 2039 
84 1541 
734 1291 
1738 2064 
1708 1894 
224 1541 
850 2065 
708 2056 
850 2061 
459 865 
2032 2032 
1236 1123 
724 1951 
400 97 
42 2063 
1980 204 
445 509 
402 509 
27 2066 
124 1541 
837 1291 
569 1291 
383 2067 
1259 1291 
1030 1541 
1769 2068 
1032 2067 
1030 1180 
2021 865 
850 877 
278 382 
679 877 
1134 1978 
287 2068 
544 1541 
690 1749 
1972 877 
60 1963 
1951 1963 
1784 877 
1738 1963 
77 877 
368 877 
1209 877 
2069 459 
837 877 
1209 1045 
1790 877 
916 1874 
916 877 
834 2070 
916 877 
8 1874 
850 1670 
1658 877 
1352 877 
86 1163 
1658 679 
1209 2071 
2010 877 
1134 1134 
1541 679 
1541 1021 
2072 901 
1364 877 
734 2014 
412 2073 
1738 2014 
1525 2073 
2029 26 
199 1411 
1633 1633 
84 1411 
1352 877 
1740 1411 
2009 130 
1880 1021 
1400 2018 
1658 1021 
