3034 368 
224 5745 
6987 5745 
2356 5883 
5972 9842 
4643 352 
9066 9842 
9319 9319 
4769 8490 
3553 5745 
2351 1116 
2356 5883 
1247 9906 
6987 9090 
9417 9417 
194 4953 
7078 4027 
3295 368 
2785 352 
9764 8825 
9907 9908 
77 5988 
609 9371 
1262 9371 
7407 1760 
517 7642 
3881 9909 
1682 3283 
8805 9319 
4593 9319 
2763 7642 
1738 9909 
9910 7642 
9479 9903 
9911 6526 
3095 3095 
2758 6034 
9896 9896 
546 9401 
9647 9401 
7708 9842 
4643 9912 
9319 7642 
5380 8684 
7407 7726 
3295 9913 
2704 1050 
9764 9182 
1760 9463 
6193 4593 
