2758 20284 
6092 20257 
5623 14696 
1910 20285 
1962 20286 
4643 20226 
5282 1350 
5180 19995 
3085 2094 
20243 530 
3308 1350 
20287 7615 
7309 7095 
2963 2029 
1614 1614 
14308 20288 
2704 20289 
19321 20226 
19906 4902 
1738 19428 
44 5493 
1738 12263 
2958 20264 
34 34 
10546 656 
111 5011 
5493 48 
4902 20290 
4902 18343 
3928 18422 
656 656 
4643 18614 
16773 10251 
9051 18422 
3928 18614 
14618 5011 
656 656 
17975 20291 
4011 20292 
19838 15295 
15439 656 
6713 20293 
4902 4104 
19839 20291 
1379 20294 
