2599 6034 
81 6034 
5279 6057 
4682 1458 
1696 6058 
6059 4593 
1890 4593 
3364 4556 
945 945 
2785 5896 
1730 6060 
1963 2172 
5023 1928 
4011 4847 
2856 4119 
4814 4556 
4397 6061 
4128 6062 
2811 6062 
1041 4593 
2429 2281 
2255 4593 
459 2281 
346 1129 
5185 2281 
1055 2281 
5129 4043 
2963 901 
1041 4593 
1867 6061 
4966 901 
5290 6058 
76 2551 
3540 6034 
6003 4593 
34 901 
1890 2281 
1790 6061 
616 6061 
4497 901 
182 4602 
1611 4602 
1611 6046 
98 901 
5972 5907 
6063 5230 
6064 5728 
1835 2246 
3394 488 
6065 1790 
44 5728 
5923 6066 
2216 278 
2973 6067 
960 6067 
6058 6058 
4397 4852 
5302 2658 
138 488 
5452 6068 
284 6068 
6069 6070 
2763 6070 
3394 2658 
2481 1790 
3540 6070 
1509 1939 
2856 4304 
3364 5799 
6071 6069 
134 1980 
945 2658 
5972 6072 
5418 1099 
3095 6073 
