368 4219 
2785 4568 
4593 571 
2535 3840 
4728 110 
224 315 
850 4032 
238 76 
1768 1355 
4729 2136 
2090 1971 
2090 736 
1995 1560 
3881 4730 
4421 3034 
3320 995 
870 4731 
4732 995 
968 4358 
4733 2088 
2090 4734 
4383 818 
4383 1741 
4383 162 
4383 4446 
3411 1343 
138 1718 
4072 233 
3986 3480 
43 4358 
3095 1741 
759 71 
1343 2319 
564 1108 
2411 1108 
2187 1108 
4735 3095 
2416 4736 
3519 3480 
2640 4737 
4737 4010 
337 4737 
2 4738 
1005 71 
3095 4739 
3320 4737 
27 4740 
4643 4740 
2960 4740 
4714 4593 
4072 4741 
3484 3880 
3823 4740 
3823 2487 
1572 34 
2785 1718 
3239 4741 
1888 4739 
2351 4742 
1499 2526 
4011 4740 
4297 4742 
3950 4593 
29 1108 
4072 43 
4163 3928 
2704 3928 
3320 3928 
96 3928 
