14584 15373 
15346 14036 
1355 15351 
10537 6796 
2447 15351 
3396 9795 
13806 15364 
1355 14868 
1355 15328 
4972 1714 
10411 15370 
14715 4079 
15374 10068 
2351 15375 
850 15376 
2187 15223 
575 616 
2711 2175 
13837 2519 
312 13973 
1352 15377 
459 11817 
2534 14198 
459 2704 
1343 1343 
13974 15378 
14308 15336 
15379 13066 
1234 15380 
3086 15380 
3086 1350 
10853 12934 
1611 14320 
1682 12488 
6367 1725 
14428 15381 
1521 2764 
300 11559 
2447 15380 
2136 2764 
2053 1197 
2714 14428 
2599 2764 
1890 6796 
13386 1015 
15382 13066 
