2055 4637 
2411 1522 
3095 134 
4297 3320 
3540 4637 
3627 4638 
2061 4007 
293 4007 
2533 1759 
153 4007 
679 4007 
4622 1139 
43 1966 
539 4007 
995 78 
3425 917 
1769 917 
442 4467 
4007 917 
2017 1641 
4639 4633 
3484 4615 
708 3087 
4500 3095 
256 4007 
2446 3095 
1350 4637 
248 1139 
613 2489 
368 2931 
3095 4640 
3051 4042 
850 4640 
1236 4072 
4454 2211 
575 3736 
256 4641 
4460 2775 
3823 4640 
4297 1139 
1197 4640 
1234 4642 
4643 4042 
1867 4042 
4407 2489 
15 4367 
2143 2143 
3411 656 
850 2143 
2021 4644 
2150 233 
368 4641 
412 4641 
245 3068 
850 4645 
995 2374 
821 4646 
1309 4647 
768 2380 
312 4042 
2287 4648 
1749 1247 
2319 2544 
43 539 
1197 1247 
383 74 
2763 4220 
337 4220 
3034 4220 
3320 4220 
2022 993 
