1583 1643 
1164 1643 
995 1643 
134 1643 
1499 1643 
1378 1247 
74 1247 
1378 1247 
199 1247 
945 1029 
1099 1644 
1617 696 
1352 696 
1180 1291 
1617 1129 
15 1645 
1247 1247 
1646 1515 
1418 1170 
513 1247 
121 1170 
726 1288 
1352 278 
834 1392 
1499 1392 
1099 1288 
925 1247 
850 1170 
1352 1392 
1259 974 
1617 1288 
1259 1288 
687 1247 
26 1392 
1259 76 
1617 1370 
708 1392 
1647 947 
135 1643 
726 1288 
609 446 
121 1247 
1259 97 
1617 97 
1099 97 
26 724 
77 911 
1099 911 
1629 1624 
315 616 
1648 1288 
157 97 
459 4 
459 945 
74 1247 
43 945 
77 945 
995 4 
285 945 
121 1247 
327 724 
1408 4 
80 1649 
502 1291 
124 947 
616 834 
134 834 
947 609 
530 609 
1617 798 
1326 459 
1650 211 
686 609 
44 818 
1352 1408 
1050 130 
1259 981 
1259 1280 
834 818 
1352 609 
1525 446 
1556 445 
1556 1651 
1047 382 
26 798 
1047 1652 
1653 1645 
1654 609 
687 383 
1463 947 
687 1551 
770 616 
43 1655 
974 1656 
431 1629 
1657 211 
295 609 
74 383 
1378 1015 
448 1015 
204 1015 
442 911 
43 1629 
199 1015 
822 1015 
