77 1170 
6987 2384 
9715 13543 
157 12974 
1142 12719 
14308 12719 
14142 12054 
9764 3367 
14972 12719 
14818 98 
3540 3540 
1361 14973 
850 1170 
6551 12054 
14675 14675 
6174 10406 
1248 1170 
13837 14974 
13837 5440 
34 11523 
27 10627 
156 10627 
14818 14975 
12387 968 
156 11962 
1985 14970 
14976 13003 
14584 14961 
12719 14848 
8660 6978 
10853 8228 
10853 14977 
8098 1633 
2216 475 
1614 14400 
14978 12054 
2533 110 
14626 14960 
14618 14137 
3034 2704 
7885 14979 
14976 13690 
4104 4104 
111 14353 
335 8841 
14910 14980 
372 14979 
14981 1633 
4775 727 
14818 14982 
14976 9791 
5180 3281 
5640 2704 
14618 14983 
14768 14984 
