194 1173 
31 1029 
238 1392 
822 798 
43 474 
1509 4 
194 951 
594 31 
43 1368 
1336 223 
153 951 
1465 1560 
1561 1029 
98 1560 
504 223 
1355 1355 
1248 850 
1489 1559 
1562 951 
1522 571 
1108 91 
1248 1563 
121 48 
1355 1164 
1564 1228 
1565 1563 
1566 1563 
960 1563 
1246 223 
43 1567 
1567 1567 
312 1351 
1567 1567 
1259 62 
947 458 
687 1228 
1568 1228 
1564 1569 
947 1360 
616 1228 
995 1228 
609 569 
1030 31 
372 1228 
204 569 
372 1569 
120 569 
1352 1563 
692 960 
1400 76 
726 1351 
530 1519 
1030 31 
569 578 
609 1519 
1352 998 
44 1164 
1570 1431 
459 223 
459 530 
136 1571 
27 1021 
459 1021 
1234 1021 
459 136 
1234 136 
1434 569 
1552 834 
404 136 
1489 136 
1234 136 
1572 951 
872 431 
1489 1573 
