19198 19259 
4902 13915 
3295 15421 
4902 19261 
3295 3295 
11038 19262 
2651 1350 
13806 2704 
47 17033 
5972 1957 
8945 18324 
11038 19209 
15322 15322 
14862 4856 
77 282 
609 19263 
995 19264 
86 13147 
19265 18404 
15362 14752 
10085 2704 
6551 9691 
3881 9691 
5972 9691 
15279 6323 
19116 19116 
6174 15279 
11358 184 
19044 19266 
29 2267 
12194 10426 
3320 17710 
2061 19267 
1050 3807 
14487 19268 
18262 2704 
19269 14666 
14940 14940 
89 19204 
18874 19270 
6334 19270 
27 13147 
14474 8738 
5933 17455 
5180 16524 
5972 19267 
4902 19271 
16179 2983 
5972 19272 
15563 13024 
