4397 726 
2210 726 
3689 726 
3247 3332 
2957 726 
3012 1356 
3881 3332 
2543 726 
3881 726 
1197 726 
1682 4220 
15 118 
708 119 
2711 3012 
4467 2853 
4075 726 
4468 408 
1611 4458 
995 2136 
2246 569 
850 3012 
4467 656 
1352 2652 
2711 1691 
3540 4469 
4297 3331 
3540 4454 
4442 1541 
1611 3961 
569 4470 
4454 656 
44 309 
1247 2029 
4471 1259 
44 4190 
1572 2029 
2827 4220 
1550 960 
140 1190 
1572 4470 
1400 2136 
2905 4190 
4454 2362 
2143 1691 
1780 4086 
4454 2714 
1025 4472 
3320 4065 
3881 1738 
439 629 
15 2362 
3554 4458 
1704 4220 
138 4470 
4163 2673 
1248 4470 
4214 2673 
1197 4470 
234 2136 
15 34 
194 3881 
997 4473 
2150 1247 
224 47 
1738 2704 
2963 4474 
1947 4474 
2351 4474 
1030 3765 
459 173 
138 173 
431 726 
613 2764 
3551 173 
1247 173 
4475 368 
1522 726 
4007 4007 
1768 3825 
2187 726 
238 726 
