1108 2175 
3364 2175 
234 1361 
31 5041 
194 278 
3051 5041 
194 278 
4625 5041 
2664 5041 
278 3425 
3425 1744 
2535 1744 
1578 278 
37 4321 
2481 224 
2711 224 
2429 224 
850 1744 
4178 224 
4949 278 
2351 224 
3770 1578 
1682 446 
2892 2554 
2535 4795 
2976 3540 
3075 450 
1614 4405 
346 1797 
4795 4266 
138 4795 
1108 2576 
1108 4795 
4104 4266 
2429 4795 
2429 4795 
1611 4795 
2411 4795 
4902 1134 
256 2281 
4902 1190 
47 4795 
3484 4795 
3247 4795 
616 5039 
1134 1134 
2114 4795 
1 1 
3736 2281 
158 4795 
3823 4795 
3823 4795 
2618 2281 
4510 4683 
5042 4795 
3540 446 
4895 3682 
965 1190 
2541 278 
5043 5041 
572 4795 
919 3316 
3074 4776 
4505 4795 
446 4795 
2351 4065 
