2481 3425 
3881 1749 
1108 4034 
4631 1749 
459 2287 
234 5019 
575 2136 
5033 627 
2640 3614 
76 2136 
616 2136 
2714 3455 
372 3455 
153 3455 
4769 234 
1589 97 
5034 1361 
4125 2935 
2976 3540 
2714 5024 
2957 3425 
5035 2704 
86 86 
2090 2704 
27 20 
901 2856 
278 4877 
193 2599 
2714 4877 
1805 5024 
4297 204 
1890 20 
4096 20 
4744 2599 
1257 2599 
27 204 
2481 4877 
1050 1984 
4692 2704 
95 1578 
453 2704 
5036 681 
3696 234 
3142 3385 
1300 5037 
368 1998 
3643 1452 
5006 204 
1542 4744 
459 2766 
5038 2599 
837 20 
453 5024 
2640 1578 
3643 4119 
4104 2554 
2714 5039 
1257 5028 
572 5021 
3425 5040 
3627 278 
3627 278 
5006 5021 
44 20 
5033 3356 
4104 3356 
2411 4050 
656 3356 
2706 450 
278 3316 
1890 2766 
