7686 8770 
11057 3749 
5972 10112 
8660 5006 
1995 11154 
499 11154 
821 10991 
5279 10330 
995 10112 
1572 10330 
8796 4873 
7751 7391 
138 10330 
1838 11120 
2714 10112 
5092 10330 
5418 10112 
575 11155 
10621 3334 
4902 10112 
5185 10112 
10700 10700 
11156 7559 
5471 7095 
11057 4076 
11157 3086 
9870 7008 
11158 4633 
1050 77 
2909 2909 
2714 9041 
10537 7183 
2963 9041 
1985 11159 
8904 11160 
1890 10870 
10189 10870 
465 771 
6126 11161 
10994 2909 
9404 77 
138 10090 
7536 10870 
11038 8937 
11038 11162 
6987 6918 
1194 1761 
