5972 6524 
3798 5883 
1890 6326 
555 3425 
285 3479 
4769 819 
2963 1992 
3425 3425 
791 6601 
2763 6602 
6222 1992 
6603 1992 
4363 3425 
575 278 
3924 184 
3914 128 
3846 43 
6604 1992 
2481 1992 
616 278 
2481 1992 
2811 1992 
2481 3425 
1343 300 
6222 1992 
726 6404 
3095 6605 
4397 6404 
6551 3425 
5375 6404 
6551 1992 
6543 6359 
6073 1992 
6570 6359 
4497 6404 
202 1992 
872 43 
5972 4925 
6543 6606 
4769 4925 
995 6601 
77 6602 
2640 2403 
616 2076 
389 1992 
389 1992 
2963 6607 
616 6608 
6609 6574 
5185 6601 
3643 2403 
837 1992 
759 1992 
3484 6570 
6362 34 
2580 1992 
5180 5356 
1049 1992 
1049 128 
6053 128 
1049 679 
1049 128 
3977 27 
6610 1992 
1197 6606 
157 162 
4107 1992 
4695 1992 
3425 6606 
6611 3087 
1452 6359 
3928 162 
6400 679 
1867 162 
4397 162 
2510 162 
1768 5577 
6612 300 
2267 6613 
5452 6613 
5518 187 
5481 609 
171 1578 
546 1776 
6614 6614 
153 1992 
6615 4072 
2351 3479 
4756 162 
43 3479 
2351 3479 
6551 679 
2481 1992 
2557 128 
850 6001 
2481 2875 
3540 1489 
122 537 
43 1489 
5520 1992 
537 6359 
945 3479 
1542 1992 
724 1838 
34 6203 
2215 248 
