5180 5958 
7686 20475 
4407 14344 
1005 16539 
1157 18535 
4902 6241 
1005 2534 
14818 2534 
13066 2534 
20476 8774 
3977 273 
20477 2534 
1766 14408 
17417 2534 
4631 2534 
5282 4538 
555 20478 
681 2534 
27 17131 
9819 9248 
13934 15276 
14818 2534 
77 14818 
9391 16539 
20226 656 
20479 2534 
20466 17594 
2481 16539 
20480 20478 
8660 8667 
19825 679 
5958 656 
19372 1190 
16859 16539 
16773 10216 
724 2535 
3320 17857 
9334 13973 
6987 13788 
7686 2535 
1379 656 
877 656 
410 656 
20226 656 
