2382 1959 
539 1959 
569 1959 
1030 1247 
57 1959 
2013 1959 
768 2383 
257 1959 
2384 656 
27 1562 
2021 2385 
77 2385 
2239 2386 
2021 1961 
27 78 
448 1909 
1851 834 
1762 945 
27 2270 
850 1761 
1352 2375 
2267 2387 
2267 1323 
1768 2387 
27 1909 
1257 2370 
824 398 
1247 2136 
389 850 
1248 850 
81 850 
1248 850 
679 1959 
44 850 
442 850 
327 850 
1400 960 
877 850 
1400 1909 
77 2383 
1611 2383 
837 808 
726 2356 
1702 2383 
945 689 
2083 2234 
709 121 
1452 850 
1611 2382 
1951 2356 
1050 546 
399 8 
2267 546 
2388 884 
1241 1618 
1947 1282 
1867 522 
1157 2216 
1927 27 
995 546 
2389 546 
850 1170 
2090 1422 
1030 1552 
2377 2216 
1248 2388 
95 194 
439 1247 
1805 194 
1400 2390 
2043 1618 
877 546 
822 808 
2185 2391 
429 2391 
1321 546 
1840 1959 
