3881 11450 
199 11931 
10293 1291 
3540 11932 
1513 11932 
5972 11787 
4631 11928 
7804 11749 
1138 11787 
6791 220 
84 220 
2083 1963 
5375 1963 
4497 1963 
3086 220 
6672 4545 
10659 220 
8948 220 
10235 10483 
9992 9208 
3320 10782 
4072 11933 
11899 653 
3086 10782 
11899 6010 
3086 653 
3320 5731 
7804 10792 
10572 2344 
9238 10968 
1030 10216 
10659 11934 
199 11933 
4497 10792 
3607 11934 
2963 2356 
4104 11935 
42 47 
7078 11061 
7804 11936 
5499 11934 
2397 726 
3852 6078 
2714 10456 
1521 2397 
5093 3852 
8660 453 
7407 6078 
1248 759 
7522 726 
2714 11927 
8738 8738 
6126 11903 
