8330 8330 
5751 6241 
1890 6443 
7733 5702 
9700 5797 
9470 3331 
42 2122 
3390 9701 
2481 9702 
43 4795 
9410 4682 
158 9490 
9703 5883 
2571 9698 
188 3684 
2481 9587 
4902 5883 
27 9587 
7078 5883 
5972 8999 
837 5883 
6510 1741 
4568 9118 
4972 7862 
9704 4795 
9696 4982 
431 7612 
2569 4597 
1343 7612 
4754 9705 
8602 9705 
8787 9705 
850 9705 
2215 7733 
1197 9705 
2163 599 
9668 4454 
141 9705 
199 9705 
2892 8028 
3712 9705 
835 599 
9406 7612 
9702 9702 
1611 9705 
9706 9707 
5791 599 
902 6802 
4856 9708 
366 599 
7708 9709 
8819 8999 
8819 5883 
2216 7782 
27 9628 
4593 599 
4048 599 
4940 8482 
2704 9710 
616 1525 
1648 5728 
2675 9711 
2717 9708 
4643 3928 
1108 9490 
5127 945 
3986 9712 
