9438 15112 
2275 14301 
13806 19530 
17630 12744 
17630 5116 
4407 17630 
5093 4104 
2758 2374 
5972 19531 
19532 894 
256 19533 
10659 312 
16333 19531 
8676 13915 
295 13915 
13918 2374 
4962 4962 
681 2474 
16074 6177 
19534 4568 
13985 13985 
11622 16524 
4589 4589 
4589 4589 
18454 14471 
9556 1350 
11038 14471 
18234 17905 
3320 15000 
8454 2374 
9556 4514 
109 109 
6126 19535 
2704 19536 
3881 19537 
5279 19538 
18336 19539 
6174 8276 
15362 1805 
16108 19540 
19541 1247 
4072 19542 
10881 4795 
17294 1725 
8633 109 
8660 19543 
410 4795 
5092 1957 
3906 14126 
4952 19544 
1379 4795 
4952 17448 
