1960 1323 
224 1790 
298 2281 
1769 2305 
3230 1323 
1522 1890 
2411 3284 
43 2374 
3211 304 
3285 3263 
1532 304 
1343 304 
3285 2895 
2917 3263 
2252 2305 
575 1935 
2811 2393 
173 3263 
2535 2853 
3286 3228 
2972 1324 
2714 2494 
2811 2007 
2714 2853 
43 2494 
2113 1748 
1350 2373 
3284 1868 
2252 1748 
2982 3274 
505 304 
505 304 
3267 1551 
445 2491 
679 2373 
3267 1951 
3276 3287 
287 3263 
2543 3097 
420 3252 
2351 3263 
3272 151 
3272 421 
3088 151 
3272 1577 
2957 244 
2021 3288 
2492 945 
2082 3271 
1247 3288 
2633 2447 
284 2447 
708 433 
1780 2447 
1291 2447 
327 404 
2446 1247 
1611 1940 
3289 2573 
2714 2447 
1940 1940 
442 945 
2446 2573 
2671 945 
724 1173 
2092 118 
2533 1411 
1030 1790 
2963 278 
609 1411 
3255 890 
2446 2875 
43 2287 
1760 1190 
3290 76 
481 1190 
298 778 
505 1411 
2045 1190 
