627 2136 
2270 2270 
2021 84 
627 1411 
2280 97 
627 2307 
1670 1411 
1784 2307 
616 945 
71 71 
1670 2307 
2308 248 
698 945 
609 1411 
95 945 
613 84 
2021 84 
1368 1318 
27 2221 
2308 2307 
504 1411 
453 2191 
1638 77 
589 1411 
708 945 
2309 2304 
945 732 
2280 732 
2310 2269 
182 2311 
1927 945 
453 2268 
368 516 
199 516 
236 1998 
34 1411 
1050 516 
133 1247 
253 2292 
1543 1868 
1714 2312 
199 253 
1543 2313 
1638 1323 
459 1323 
1157 2314 
77 354 
1638 1323 
84 1247 
644 732 
2215 1247 
84 2315 
98 2315 
2316 1300 
2316 2191 
759 759 
578 31 
154 1499 
448 1499 
1951 2315 
1209 1978 
2267 2215 
1780 2315 
372 1300 
778 2207 
1371 1499 
1611 2317 
2277 2317 
1951 1291 
368 1291 
312 1291 
1626 2304 
459 1499 
901 945 
48 1291 
1525 1291 
726 824 
2318 1291 
1257 2207 
1003 2304 
724 96 
821 1638 
2216 96 
84 96 
1951 2319 
2216 1430 
1499 1638 
44 96 
