11688 13692 
9715 2996 
4059 2996 
12155 13693 
1108 991 
8819 10002 
1951 5625 
6669 6669 
8276 13692 
9657 4221 
9028 3354 
6174 10002 
9510 452 
13694 3497 
13615 2411 
13320 10002 
13695 4010 
7804 1828 
12924 12924 
3928 13696 
6751 11351 
2136 13692 
5279 3684 
3415 13697 
5086 2411 
13320 13698 
131 2370 
7804 6091 
3247 13692 
11127 13699 
638 10853 
10659 13692 
8904 13659 
13695 4010 
8922 7898 
6721 13700 
9036 13701 
11038 9401 
1531 905 
1531 7708 
9923 7886 
9877 905 
7780 7780 
11038 3497 
2957 13702 
9959 7359 
6510 13702 
13320 4795 
6751 13700 
2202 13703 
1951 2175 
13482 13704 
