850 2336 
2216 1539 
2535 3750 
2843 1539 
1963 1539 
3751 3752 
445 2336 
1343 3725 
616 1224 
505 3725 
1350 3725 
1350 3725 
575 1224 
2416 637 
1228 2853 
153 3750 
1768 1323 
3364 1323 
3743 3753 
2481 3753 
3239 3750 
1456 3485 
1513 3754 
1790 3755 
1513 2853 
1323 3750 
1 3754 
2548 881 
1638 3755 
3703 2614 
1050 3754 
440 3754 
15 1527 
3364 2614 
2717 2717 
34 3756 
881 3757 
3717 3757 
2548 881 
3758 3222 
687 3739 
3320 1 
3560 3754 
2566 3727 
459 3759 
2021 2066 
2066 3725 
2216 3754 
3686 3271 
459 2066 
3320 2299 
2760 1640 
1759 2704 
2566 2704 
283 3756 
3364 3759 
48 3756 
613 3271 
109 3684 
607 2704 
2425 2425 
2197 3271 
8 3759 
3157 3760 
668 3760 
