3086 6526 
575 6306 
4011 6561 
2474 6561 
2843 6526 
2674 6362 
194 6341 
532 2879 
3295 3749 
312 6306 
2963 6362 
2963 4446 
442 530 
6422 6306 
1248 3230 
4756 6545 
2388 2879 
6524 6562 
877 5716 
1910 6493 
6551 6562 
4011 5958 
2187 6563 
3977 6564 
138 6563 
5497 4367 
153 630 
4297 1998 
5792 6564 
3577 6564 
3425 6563 
1259 6021 
4975 6563 
6565 3697 
6566 3087 
3540 5533 
459 6563 
5716 5716 
1998 6567 
4297 6567 
1985 1998 
2287 6567 
532 6568 
5716 6204 
2879 6569 
6548 3230 
5459 4043 
5491 6564 
2481 3253 
2215 2029 
62 5202 
6548 2711 
2599 2029 
2136 1998 
872 5202 
110 4072 
153 815 
6570 4072 
3230 4072 
3516 6571 
138 4072 
2351 4072 
