4769 43 
4902 4795 
3415 74 
9718 9718 
4458 6053 
4902 1890 
9238 9736 
4633 8506 
284 9636 
4940 5616 
8819 9784 
4769 7708 
2714 9562 
9644 9785 
2963 9786 
4902 9787 
2481 9785 
188 8506 
7407 9718 
3095 9786 
9788 77 
3095 5616 
9376 4613 
214 9789 
1696 5127 
1995 9241 
3540 9098 
3095 9787 
555 8477 
2714 6459 
9238 8378 
5087 8660 
7878 4613 
9790 9719 
9238 9791 
2704 366 
4972 9792 
7073 8840 
8660 8840 
2481 9334 
4902 9793 
4593 9793 
3881 9794 
3396 9795 
7708 9410 
5402 1896 
4902 9796 
