204 3086 
2450 2450 
2714 2704 
3094 386 
656 2704 
1522 3107 
3118 439 
2411 3119 
3086 3119 
2885 3109 
2481 2711 
3120 3014 
3121 3112 
1767 3122 
194 3122 
502 3112 
837 3119 
3123 1248 
837 3119 
15 15 
2963 315 
1611 382 
2714 3086 
1611 405 
57 3124 
2481 2711 
2393 3124 
1350 569 
2481 569 
1350 1084 
1248 569 
2481 3125 
757 368 
194 368 
2029 368 
1541 3107 
1343 43 
679 3112 
850 569 
2965 1046 
850 1084 
757 2029 
1134 9 
1134 9 
834 9 
1 9 
77 9 
1611 9 
3126 9 
1050 9 
256 3086 
2714 9 
2957 569 
1400 1 
3127 2945 
3128 3129 
2714 9 
220 84 
3130 1927 
234 84 
3119 84 
2763 84 
298 9 
2267 2279 
2267 3119 
2714 3131 
537 9 
1247 3119 
2267 9 
459 1 
3128 850 
850 3132 
1004 2 
3133 2450 
1558 7 
468 9 
1638 3039 
3134 3092 
298 7 
1522 84 
3135 3111 
1899 9 
1738 3113 
20 3136 
1851 3137 
728 3093 
9 9 
2725 3137 
2725 372 
3138 9 
1805 9 
509 9 
807 1 
509 9 
2671 9 
537 3136 
2704 184 
3104 3119 
71 3136 
76 43 
