2195 141 
4005 1738 
31 1738 
368 4019 
883 3908 
238 1738 
1259 34 
3415 34 
400 34 
3364 821 
4005 2422 
238 141 
4005 1935 
1601 140 
265 34 
925 34 
2548 1963 
1373 1400 
138 1228 
3095 1228 
3643 1400 
2760 3863 
238 1139 
34 1228 
1790 1139 
44 821 
1343 4020 
4005 1963 
3823 4020 
4021 609 
1259 4022 
4021 1759 
3850 1963 
1638 3095 
3823 1400 
1714 1139 
459 4023 
3963 4024 
575 312 
2021 4022 
20 284 
3369 4025 
2216 4025 
1050 2995 
44 4026 
2576 4027 
3823 4026 
850 2576 
3095 3095 
4028 1400 
2588 2576 
3643 1400 
2599 4029 
3364 1099 
726 4029 
3084 4026 
164 86 
3364 1957 
194 3863 
164 1099 
327 4029 
4005 256 
2092 1099 
3928 834 
613 4027 
2633 3549 
2061 3549 
3480 4030 
