905 571 
3008 834 
84 571 
2029 571 
1503 1173 
1343 608 
2976 1761 
2972 571 
1309 571 
2965 1589 
571 670 
368 3086 
120 3086 
3387 2615 
129 808 
2982 726 
3093 115 
2351 571 
1251 670 
278 599 
1400 903 
368 3093 
9 1691 
145 3352 
2604 2604 
3388 3389 
3384 346 
2972 670 
1350 3369 
157 8 
1248 3369 
153 571 
850 3369 
27 3390 
43 968 
2965 3093 
194 2087 
402 2844 
2481 2935 
3247 3391 
15 3391 
3153 295 
1187 565 
1541 2281 
3342 34 
3347 571 
1611 3392 
1611 3393 
2021 3316 
2893 3316 
3372 3372 
3394 824 
1803 187 
1740 34 
2216 3358 
1611 3316 
2216 3392 
2995 3392 
2763 3395 
3396 3397 
3331 630 
3390 3390 
47 3391 
2890 3397 
815 630 
2021 1850 
1461 1356 
1780 3316 
1851 3093 
1676 3390 
1326 968 
1676 3390 
2411 2704 
3398 3051 
1738 3051 
609 3358 
3159 3099 
2392 3399 
3400 1780 
1805 2214 
877 43 
2963 332 
1434 3358 
1509 1661 
3159 43 
2763 2214 
1288 118 
2446 2214 
925 1835 
1197 2852 
1009 2370 
2187 3316 
850 2852 
3248 2844 
