1910 1418 
237 1589 
616 726 
5185 1522 
5324 968 
1005 3848 
5185 1522 
5172 505 
4902 446 
5325 1799 
4902 914 
47 4205 
2785 3285 
3986 5322 
3320 5006 
1542 5006 
405 505 
4902 5326 
2704 264 
837 5327 
1542 76 
2309 1411 
4139 505 
4902 264 
4005 4795 
3553 3928 
759 879 
3095 446 
4625 879 
349 879 
1786 1786 
5180 679 
1786 1786 
5328 1799 
2550 4845 
2411 5329 
850 5330 
5180 5329 
4005 5331 
3394 5006 
3359 2890 
3359 5332 
285 4738 
2429 4230 
569 4178 
526 3627 
5180 2164 
138 4007 
2599 879 
4005 5333 
1738 4641 
1704 4178 
4744 2164 
