412 446 
1852 1277 
1535 1847 
327 135 
1822 514 
517 408 
1822 156 
1522 843 
569 960 
97 960 
134 850 
134 156 
1853 798 
123 298 
1408 1854 
1822 1706 
102 298 
124 156 
47 960 
173 1170 
287 396 
1696 1706 
1708 569 
1379 1170 
1696 1190 
1855 1408 
153 1105 
204 1170 
184 1706 
1209 1522 
1856 1706 
1352 1170 
726 184 
43 1857 
459 1706 
1813 726 
945 726 
337 726 
1307 8 
1857 43 
1259 1170 
184 1858 
408 1551 
184 1335 
141 1170 
1670 1170 
1379 1335 
687 1170 
1618 726 
1859 1859 
43 62 
776 62 
459 62 
999 1335 
999 696 
999 445 
285 726 
726 696 
1239 1052 
1781 1183 
1509 62 
726 1855 
1747 726 
