834 77 
352 184 
43 43 
182 1036 
800 77 
126 50 
381 50 
27 77 
1037 931 
504 77 
850 50 
822 333 
121 74 
850 459 
385 77 
121 97 
517 368 
372 77 
850 77 
48 368 
1038 1006 
517 1036 
768 1039 
38 1032 
892 1039 
925 1039 
708 1040 
1041 943 
1026 943 
3 1036 
1 1036 
182 3 
15 3 
785 909 
1042 943 
1036 1036 
15 724 
217 1036 
553 808 
909 43 
575 1036 
1043 135 
667 1006 
1044 135 
66 943 
900 1045 
204 1046 
960 1045 
15 459 
656 656 
1047 1045 
15 27 
1048 34 
1048 914 
1048 20 
217 1036 
452 1046 
97 914 
204 1049 
153 555 
546 1050 
785 1049 
1051 1051 
998 1050 
1047 110 
368 1049 
1052 346 
459 1051 
757 1051 
