10659 4633 
84 11998 
11868 1036 
11038 11985 
4072 11999 
11562 11275 
10659 4633 
6241 12000 
134 11472 
138 1247 
12001 6217 
7576 12002 
11038 6571 
1838 11959 
3540 2811 
10659 10881 
12003 894 
6535 726 
1838 11969 
138 1408 
6987 726 
5093 12002 
571 894 
11469 1408 
3083 11905 
11469 10881 
3083 12004 
571 10782 
10425 894 
10425 894 
3222 894 
726 8394 
4407 11760 
3540 10881 
12005 894 
2397 5678 
11989 2729 
153 11545 
2632 2632 
2122 4363 
12006 894 
5180 11989 
835 12007 
11989 12008 
4972 1762 
468 11989 
10659 11989 
