1005 15292 
1890 6796 
613 6721 
3455 14264 
12054 6721 
14142 15279 
8778 2136 
526 15293 
2675 12974 
5172 10216 
526 8178 
29 12138 
1611 1170 
5896 15152 
4625 3024 
2519 15223 
2534 9479 
10881 9479 
6358 15292 
8251 15294 
2009 3789 
4762 578 
1582 1582 
8334 256 
14308 7407 
7804 13199 
13543 13543 
7784 15295 
202 11914 
5623 15296 
454 10216 
14976 8307 
13973 14438 
835 15181 
15297 1170 
8738 3789 
5172 10216 
10558 15298 
15220 15298 
1499 13199 
850 14212 
1890 15299 
1355 2287 
4952 15300 
14618 15301 
6126 15301 
14807 10805 
