7078 12289 
406 12290 
6944 135 
656 12291 
10537 9276 
8948 1747 
3512 10258 
11016 2370 
48 11504 
1247 12292 
2397 2370 
12293 1288 
5180 723 
3928 12286 
10842 5836 
157 11504 
5279 11504 
346 2370 
1343 12294 
1747 1747 
4011 12295 
6751 12294 
4297 12296 
4297 5883 
7804 9276 
3291 3977 
1513 12297 
11038 3723 
12298 914 
8922 4708 
5941 11967 
11688 15 
11371 12299 
10842 11914 
4952 10501 
1343 12294 
3540 12294 
3881 4526 
526 12300 
3928 7782 
43 9846 
2704 12271 
12032 4526 
4751 6543 
12301 599 
12284 10659 
12278 9846 
5640 537 
1300 12302 
