3383 1560 
2411 2491 
2760 4141 
1890 3034 
2 3611 
3945 3485 
315 656 
3540 4141 
907 4321 
284 284 
4297 2437 
1995 1351 
1995 2437 
4032 2720 
2664 4357 
1236 4357 
3074 3086 
2481 4358 
2481 2935 
2711 2061 
8 8 
1556 2714 
1611 821 
1310 77 
4359 3034 
3095 2576 
3147 2632 
3643 4360 
3689 4360 
1458 77 
3540 3246 
2548 3034 
3963 3485 
4347 2780 
575 4361 
2714 4360 
3881 2491 
2764 3525 
1556 4360 
638 3246 
2548 3888 
138 4362 
1611 2995 
3340 506 
2481 2780 
2481 2576 
2963 487 
4363 4360 
4364 2704 
418 77 
1890 3888 
2764 901 
3881 2995 
4198 4360 
562 2764 
