1838 203 
8 154 
91 156 
8 156 
907 298 
1164 1551 
1727 1839 
44 1753 
1840 514 
517 514 
1532 156 
8 66 
1670 850 
900 514 
194 514 
1209 76 
238 514 
1841 1842 
1843 298 
368 408 
1844 31 
1844 201 
1352 514 
907 48 
389 1839 
1845 201 
768 1392 
1134 1170 
1839 1839 
77 248 
31 514 
768 298 
1846 1415 
1209 1134 
1805 20 
1418 1551 
1248 1134 
1817 1551 
1248 1847 
445 1848 
445 20 
1352 1842 
1849 757 
1727 798 
1850 1833 
514 514 
383 1551 
383 1551 
1727 386 
1463 724 
153 445 
1851 31 
1821 514 
