3236 3255 
1541 3255 
120 3393 
1187 1009 
120 3255 
1790 3255 
1860 2844 
1165 2844 
368 3358 
182 3387 
1638 283 
1638 3395 
3401 2612 
1867 3093 
3302 1580 
2963 3402 
3403 3385 
2071 3093 
3 3404 
2535 1850 
256 97 
1509 968 
1541 97 
3397 3397 
1115 2612 
3364 1009 
1509 2374 
3333 3093 
1509 1164 
575 3040 
1408 3040 
3367 2871 
945 2562 
1343 726 
2960 2673 
907 834 
2960 3093 
15 3093 
2963 15 
1611 1190 
3405 3333 
2548 43 
2021 1190 
2822 3397 
903 1190 
77 2576 
3316 3406 
3207 1050 
1522 1190 
3407 3408 
481 3406 
2214 1050 
3407 3409 
2021 2299 
346 849 
1157 3285 
1611 3406 
439 1009 
109 917 
