278 382 
1307 1796 
346 2370 
526 2845 
2711 919 
44 2329 
2535 919 
2598 679 
894 278 
15 1239 
1313 1227 
2725 346 
2843 2792 
2725 278 
1995 2851 
2664 2849 
834 346 
2725 1951 
31 347 
2351 1939 
1248 570 
575 1951 
2446 570 
1951 2535 
349 2704 
1489 2704 
570 2704 
681 2535 
1248 1032 
2446 1248 
2481 2535 
2548 382 
945 2383 
1350 2214 
905 2682 
2852 2682 
1541 2682 
1197 2682 
2215 2073 
15 382 
2714 2682 
2214 2811 
445 2853 
1867 1867 
2366 2854 
2283 2811 
2632 382 
1851 2429 
609 1050 
2763 2191 
2216 1797 
2725 501 
1890 704 
2479 1963 
2855 2370 
2608 2682 
2856 1408 
1248 1408 
2608 2535 
1089 1797 
2351 2855 
204 1797 
1633 1408 
834 2094 
