2571 9 
153 9 
2760 372 
1899 9 
2763 1761 
728 1761 
3128 850 
2612 1761 
84 2868 
687 1761 
1378 1589 
1890 77 
3139 3140 
2049 3086 
2077 1589 
256 807 
2714 3086 
1084 1084 
1135 3086 
2392 3128 
1738 1138 
3088 850 
256 3086 
3088 9 
3088 9 
2963 3093 
3088 9 
129 97 
877 3093 
182 3018 
3088 9 
3088 9 
3088 9 
2077 2049 
2548 2 
3088 726 
2811 1 
575 3086 
1541 2 
1259 3094 
48 1589 
1589 2049 
389 549 
1270 3141 
1270 2010 
2021 91 
74 569 
1995 3125 
1045 1237 
2252 3093 
2450 3128 
256 3119 
687 2412 
352 7 
2142 1237 
679 118 
2704 3033 
2411 278 
2963 3086 
2446 1237 
154 118 
3142 278 
692 2612 
118 118 
2760 118 
173 405 
2714 278 
2795 2795 
2092 2868 
2964 1927 
372 3143 
3086 1503 
77 1237 
3088 9 
3 2704 
2599 1738 
2358 2 
445 3143 
3133 2479 
3071 2795 
2474 3144 
