7326 5375 
14148 15883 
13934 15632 
1452 8738 
8676 8738 
8945 2287 
4902 18525 
4902 6246 
1452 8738 
77 3928 
5180 16508 
96 20749 
4631 4382 
1452 14377 
20750 18484 
153 7202 
10659 20751 
4631 20752 
14308 20753 
5180 20754 
2704 2892 
20755 2892 
20756 9860 
20756 19445 
6510 2892 
811 20719 
98 20483 
10871 173 
20757 18538 
5087 15251 
17942 16227 
20506 20758 
20253 3928 
13856 13856 
5493 4458 
3159 4458 
20759 1237 
27 20760 
368 20761 
158 20762 
2187 15868 
1853 9051 
14422 20761 
15119 9391 
