6239 6253 
6213 278 
6254 6255 
43 278 
3484 3484 
708 278 
3643 278 
4870 6256 
47 6256 
2 2281 
380 6256 
4972 128 
3095 6257 
1310 724 
2806 2806 
5989 5326 
95 4958 
2122 4958 
6258 6256 
1050 6259 
6260 724 
6261 724 
3986 5326 
4062 1129 
44 1089 
1259 1664 
727 4958 
3453 2851 
5452 78 
1951 5271 
5452 4958 
6043 727 
5623 727 
3333 670 
111 2851 
3560 6255 
2892 2281 
408 408 
408 408 
4643 4958 
408 67 
6241 6262 
6246 6246 
4593 670 
6263 278 
5180 6246 
3364 6264 
1138 6265 
4769 6246 
