1236 4324 
616 4325 
945 2351 
2267 1291 
2599 4186 
2021 2079 
4072 4199 
1236 1890 
2599 4259 
497 31 
4326 1799 
1005 4007 
613 4327 
459 2858 
1247 4007 
1371 2664 
1704 408 
86 4328 
15 1951 
2633 1951 
4 616 
4329 679 
2061 679 
2681 4186 
3095 943 
3247 1951 
1721 2704 
1489 4330 
3516 4331 
1489 2079 
4281 4332 
2963 4325 
3578 609 
138 759 
2548 1291 
1259 1291 
2488 2858 
3540 2858 
4333 31 
4334 616 
3394 759 
3239 2411 
2021 284 
4059 284 
638 2858 
3219 284 
1947 2437 
1803 453 
43 630 
4335 4327 
3712 3881 
4246 453 
2187 2411 
1995 4196 
20 284 
3588 284 
2963 2005 
98 4 
3383 1247 
4336 4141 
459 4327 
4337 517 
1805 4338 
2997 4141 
4059 84 
4339 4339 
4198 4340 
575 3095 
