2760 3863 
74 431 
3989 3863 
1248 3990 
850 3990 
3425 3990 
3991 431 
3739 2214 
3981 3981 
1963 3863 
901 3285 
3840 3765 
182 3765 
2714 3863 
1951 3441 
3453 140 
2599 901 
2714 3863 
194 2207 
211 3516 
1452 3765 
1005 368 
138 368 
138 679 
8 901 
2416 1070 
3823 3988 
2021 2576 
3739 278 
599 278 
3992 3988 
2763 34 
3993 504 
3327 3994 
2145 3994 
894 901 
3731 349 
3995 3332 
1521 901 
412 704 
2704 2331 
3996 278 
2287 3997 
3998 3999 
2215 3997 
394 2331 
995 1234 
1050 2331 
3394 164 
1489 1234 
2098 1641 
238 4000 
2005 2005 
945 298 
43 2526 
182 2331 
1050 2704 
