156 2704 
5717 5958 
6106 1045 
3605 6107 
3425 6108 
5499 6085 
5180 1045 
4686 4246 
42 1045 
708 6056 
2252 1744 
1108 6046 
6109 6108 
42 3003 
5623 4623 
6110 5891 
1259 6111 
153 4623 
1890 6107 
4477 2704 
1611 5958 
6110 77 
5180 5958 
6112 3765 
759 2029 
3540 5127 
3177 6108 
3364 6108 
1790 77 
6100 6100 
759 90 
837 798 
575 2704 
3086 6113 
6114 278 
2711 6108 
555 2814 
4692 3863 
4297 5021 
5972 4623 
1465 4 
3394 6115 
2763 6116 
1400 6116 
459 6116 
5958 5958 
5771 1045 
6117 6116 
4219 6118 
2856 6118 
638 537 
6119 5124 
4011 4593 
1890 798 
368 2029 
6022 4246 
368 6118 
372 4246 
1352 771 
3881 2856 
3881 2856 
5452 2856 
60 4246 
6120 984 
2763 5690 
2136 5690 
5724 6121 
6122 4005 
368 2856 
1142 5127 
114 6118 
1 65 
86 77 
6061 3746 
