4952 21440 
5972 21441 
5092 21218 
1805 21441 
13934 21442 
1142 16728 
5972 21443 
2535 21442 
20483 21444 
17496 1408 
7735 917 
4952 2867 
2535 724 
4072 2535 
13011 724 
14264 19648 
20584 917 
3696 7389 
16226 21246 
21445 21445 
21446 6672 
20956 2535 
5685 16227 
8023 8023 
14618 17241 
11573 6964 
29 20263 
20483 724 
20483 1408 
20483 1408 
2255 8023 
15305 9238 
3003 724 
13973 9238 
9028 10881 
383 21447 
89 21448 
4027 11914 
2535 20307 
11573 11573 
1805 3686 
2675 12263 
19138 3686 
1738 11914 
5180 21449 
656 14443 
8738 19648 
7686 10497 
21327 21450 
3881 21450 
16800 10659 
2974 3686 
