2714 1728 
349 8210 
2211 8211 
2738 7868 
15 459 
3239 2211 
2714 2211 
2763 4467 
7767 3683 
3575 3736 
850 4505 
3553 1762 
4902 7826 
1890 4023 
8212 5985 
8213 935 
4059 8214 
3291 8215 
238 4958 
7767 4795 
3938 4467 
43 4795 
8000 8000 
2413 3658 
3440 1291 
44 3577 
3881 4795 
8067 1411 
5493 8215 
2871 800 
3954 6966 
7559 1411 
8216 4902 
4643 7561 
5883 724 
7407 4633 
8217 4281 
1611 4633 
5927 4023 
5493 4845 
8218 43 
1738 6966 
4902 410 
2351 3301 
4633 8219 
850 7957 
8038 7957 
901 5446 
2351 837 
442 8220 
2963 7561 
2704 8221 
