111 2287 
1378 11465 
3607 4545 
10853 13801 
88 16517 
726 16518 
47 16519 
575 1922 
1922 14344 
6599 15073 
613 1922 
57 4633 
7898 10853 
3440 4810 
15392 15073 
6370 14062 
14142 771 
850 2704 
405 16299 
14595 771 
2550 14419 
12194 6379 
2287 14752 
1762 2172 
4593 14697 
4407 9692 
16370 14476 
1449 1449 
4952 13081 
4952 16520 
10521 13081 
13298 166 
15516 4072 
9438 16521 
1922 6796 
1922 15115 
4952 2422 
14399 13081 
16522 7202 
3320 15115 
1234 6379 
7713 2287 
15481 13615 
1749 4668 
14697 14697 
6510 7358 
1870 4668 
