2267 532 
1350 4416 
5180 5477 
6378 304 
6726 6308 
453 3239 
656 1986 
575 2089 
4902 3914 
877 3914 
2806 3080 
43 3914 
43 3914 
43 3914 
2963 2629 
74 1247 
616 4914 
150 2379 
312 4914 
6727 943 
6144 6669 
562 4914 
834 4425 
2893 4425 
6728 1749 
44 2089 
3540 6724 
3425 6729 
5972 3334 
1138 3334 
4072 6056 
5279 5230 
5126 3087 
6306 110 
6730 6053 
2550 1985 
3881 473 
5126 6731 
278 110 
281 1099 
4769 110 
2963 5230 
2481 6732 
5723 6733 
15 6732 
3540 6733 
4902 699 
4005 699 
3881 6582 
278 6732 
6582 6582 
1437 1437 
562 3087 
1352 6734 
2892 6735 
1141 1236 
1141 1236 
