919 2269 
1408 1408 
1307 2270 
1365 1189 
89 945 
459 1189 
153 2271 
1951 2270 
1890 1638 
1738 2272 
2142 225 
1598 2249 
1364 1367 
47 2273 
2274 2234 
195 849 
43 2272 
679 2272 
1805 2272 
81 2275 
1696 225 
1923 2272 
1164 2276 
2088 2241 
1400 849 
77 2272 
2277 2241 
1784 2249 
2278 778 
810 1367 
188 2270 
1259 2272 
1141 1985 
1259 2279 
2280 135 
2281 99 
44 2272 
1400 2272 
2282 2281 
2215 334 
1947 1189 
1368 577 
1180 2276 
2283 34 
1768 233 
154 539 
1738 2284 
546 2234 
1248 539 
1134 849 
1030 31 
153 667 
2029 2285 
2216 2272 
995 1189 
