61 1408 
5896 1408 
1300 4201 
872 1408 
2763 1890 
517 615 
5958 5181 
5180 4291 
76 5181 
5959 5960 
5717 5181 
5717 5181 
877 2535 
5180 4962 
2015 4962 
793 5961 
4510 4201 
4297 5962 
2248 5293 
2760 3749 
3095 3095 
4297 1797 
5717 4944 
5499 3977 
4297 3186 
2083 575 
5481 3928 
20 575 
726 5963 
3697 1408 
2429 2629 
3400 5900 
3394 1 
4397 5728 
3320 5963 
5964 4470 
4011 5965 
1234 1371 
1599 1408 
5895 138 
5716 5723 
3825 3825 
5612 5966 
1768 5966 
5967 1928 
613 5968 
1503 5728 
248 1247 
1187 1408 
44 1247 
372 5950 
1714 726 
4934 284 
