2252 2474 
968 1939 
726 537 
1259 1939 
2545 2474 
1489 537 
26 2211 
2572 2474 
1522 2474 
517 123 
26 2425 
1236 2570 
2021 2425 
726 2425 
850 2573 
1247 2574 
1768 2374 
1248 2573 
2575 2573 
2575 2573 
62 2374 
402 2560 
2359 2551 
1248 1836 
850 2576 
768 1975 
27 2489 
26 1975 
1089 2577 
459 2577 
1197 2574 
1836 1121 
546 43 
2534 771 
2214 1189 
856 1975 
1611 1836 
31 1975 
98 176 
2578 808 
2474 1494 
98 2562 
759 62 
2579 177 
2187 759 
368 901 
850 2580 
2533 548 
1753 2319 
1028 99 
273 808 
800 1759 
690 771 
2581 2582 
