1805 4805 
2785 1247 
3627 34 
2607 2607 
1005 2607 
459 459 
877 2157 
4719 4805 
4137 4223 
426 4481 
4902 15 
1452 5697 
5518 2607 
4341 5697 
1411 5697 
5324 298 
1943 2984 
600 5697 
3095 5697 
3093 5698 
5318 298 
5086 5697 
5699 5113 
3086 5698 
2481 5698 
2481 5698 
5623 5697 
850 2607 
2763 5698 
1910 5698 
96 5664 
4878 5664 
265 5698 
5700 2607 
4756 901 
3553 5701 
2029 5698 
5402 224 
431 5698 
2704 5113 
5279 1139 
5005 850 
1307 1962 
837 5696 
726 1962 
569 3613 
5268 5649 
98 224 
1638 1962 
616 4163 
1005 5698 
224 5702 
3986 5703 
1005 5698 
1050 3953 
4631 5686 
138 3149 
5375 710 
66 4613 
1995 5402 
2739 5649 
459 4613 
3847 917 
3881 5697 
968 5704 
589 710 
5705 5698 
5402 4613 
4914 5706 
410 410 
4756 3627 
4914 128 
4205 5707 
