4072 17814 
7956 17067 
1378 4048 
17815 5493 
2195 14762 
3086 15209 
3607 17268 
8819 4918 
158 17268 
17524 17268 
13025 17268 
6286 3607 
17555 17268 
4692 17816 
4902 17817 
4902 4048 
609 17268 
9923 17268 
2905 17268 
12091 12091 
13011 17268 
1589 4924 
2714 17268 
3607 4924 
7878 17268 
3320 16180 
3003 17268 
16982 17268 
5518 17268 
572 17818 
5518 17819 
850 17819 
1050 17820 
17821 17268 
12194 17573 
6599 17822 
6599 9628 
16100 8499 
5491 2576 
2599 17268 
3396 3396 
11619 12262 
