3719 5870 
3553 5745 
2638 5888 
726 4220 
4643 5127 
138 5127 
74 90 
4297 5883 
945 5883 
616 5889 
850 4043 
2764 5889 
901 4220 
1343 5059 
2256 4220 
349 4220 
1509 5890 
2481 4043 
217 278 
77 90 
3553 5889 
1611 3095 
3226 569 
1248 2285 
4877 2285 
3540 5059 
2747 569 
4589 2681 
4972 4220 
3577 90 
2811 569 
256 4962 
726 5891 
3627 134 
5717 2494 
3928 298 
1532 5059 
43 5163 
3553 74 
5245 4776 
5887 5887 
2411 5452 
3051 2136 
1522 1643 
1108 5452 
1738 5664 
412 5892 
346 1129 
1677 77 
5298 1643 
2599 5886 
1234 1643 
1670 2136 
3295 2136 
1951 5892 
2351 5893 
1961 4220 
2481 134 
