10667 428 
2619 2407 
7078 3283 
6126 10216 
11938 11879 
10853 7946 
4407 8178 
8491 8491 
5298 6085 
1890 428 
15 15 
7804 3577 
1890 3577 
86 1828 
4952 12256 
4497 12257 
6964 9199 
3455 9199 
2486 4010 
6334 8178 
9041 9199 
220 10761 
1247 599 
4297 5883 
2486 4010 
2110 1828 
7753 12201 
11462 12258 
4631 11281 
3086 9656 
3117 4633 
406 6639 
6209 6639 
4007 6639 
12259 571 
925 12258 
3627 2543 
89 8430 
11453 12258 
4593 1583 
6824 8430 
6577 11897 
5518 8787 
43 11989 
1995 9081 
4007 11281 
6915 12256 
2758 11897 
