8660 12559 
9819 12558 
6117 84 
2974 12541 
508 11914 
12560 12561 
12522 12522 
1962 2811 
2580 12562 
4990 11623 
10644 11623 
7078 9479 
12518 7708 
2714 12455 
4719 2811 
6599 1170 
120 3536 
616 12456 
12563 1465 
11108 12466 
8945 6718 
10853 12105 
9238 12564 
8738 10031 
410 5151 
11390 4568 
5972 9530 
29 9224 
5972 12565 
4297 12484 
9066 11608 
4297 8720 
4297 8720 
5640 8720 
6530 4924 
9846 12566 
1343 4938 
5493 3159 
850 4924 
10537 3159 
10537 3159 
11359 2260 
6987 9835 
4972 1939 
12054 9218 
850 12567 
5640 8720 
2758 8445 
11359 2260 
