194 1506 
1352 1045 
1099 1505 
365 1505 
690 1505 
346 1157 
850 420 
1248 1510 
1511 238 
224 109 
1248 420 
1510 1510 
27 1511 
459 1511 
1 569 
850 1512 
1164 1511 
1510 1510 
539 1511 
1501 1501 
174 569 
1509 1511 
287 598 
1513 1512 
1509 1511 
1509 1392 
1513 1514 
27 48 
768 1511 
768 1511 
834 569 
1209 420 
193 1515 
1509 1288 
43 1494 
837 507 
504 1514 
1509 391 
1516 724 
1248 834 
850 834 
1352 1262 
1517 346 
1234 110 
1518 110 
39 110 
420 177 
182 1519 
177 1519 
3 177 
1259 110 
1520 1157 
1521 569 
1521 569 
1522 220 
1388 1360 
368 1360 
1463 947 
109 569 
572 110 
1288 1367 
1512 1523 
690 1444 
312 1360 
173 1444 
