2246 4076 
6370 15885 
4952 11573 
8126 9510 
2637 3279 
3540 3279 
4593 16728 
4952 8948 
4902 4076 
1157 16743 
1691 8120 
16744 16723 
3553 16315 
16745 5253 
10646 2958 
1589 16315 
2963 16315 
44 15351 
5180 6178 
7688 7688 
2599 877 
14618 16422 
616 7688 
2061 12385 
14142 9751 
3607 10871 
6551 9751 
14818 571 
2822 9751 
5769 9751 
5093 16572 
16746 569 
109 877 
382 9479 
16747 16748 
15550 16572 
13452 13452 
1995 9233 
16747 16749 
6380 16750 
1371 1985 
16740 16393 
1803 16749 
8493 11962 
2704 16751 
