2397 13066 
2061 2061 
9238 13848 
12130 5375 
3540 2061 
575 10100 
77 10100 
13066 2704 
13806 140 
7898 140 
445 140 
13685 13066 
724 894 
13806 4458 
13853 522 
3369 140 
5279 7898 
5896 13854 
3173 10881 
7804 2299 
5896 9276 
7898 13850 
12194 12194 
13839 10855 
13837 8509 
1943 13855 
13856 10236 
11038 3497 
11038 4312 
44 10100 
11038 13857 
724 3497 
12999 13857 
901 2061 
6721 13858 
13859 2704 
13860 13860 
2704 13861 
13862 12032 
2097 2704 
13863 4688 
2122 13820 
10659 7898 
13862 8232 
