6126 1951 
6688 8805 
2481 12905 
111 12765 
9510 3793 
4952 12906 
150 12624 
11358 945 
2275 10128 
3244 6751 
3244 1408 
29 12907 
850 12908 
293 12909 
42 12910 
7804 11619 
1850 6751 
850 6178 
156 11619 
29 10100 
850 12243 
7804 10100 
508 10751 
220 12775 
29 6669 
616 9843 
5376 12457 
7686 12911 
12912 1099 
12913 12775 
4952 9880 
562 9843 
12914 11299 
6721 12226 
6551 11624 
3781 4856 
8098 9880 
1890 11780 
12863 1247 
6425 12915 
8098 12915 
3540 12916 
1749 12626 
7885 9880 
6721 895 
9819 11780 
5518 12904 
12917 6480 
2827 9495 
1108 11859 
4297 4838 
