696 507 
768 909 
204 116 
616 670 
900 116 
945 909 
77 670 
960 670 
346 346 
507 34 
551 135 
968 667 
459 116 
698 270 
26 834 
26 34 
507 26 
450 704 
26 704 
110 116 
933 949 
8 187 
925 704 
194 187 
987 704 
15 551 
988 140 
720 539 
299 116 
544 670 
15 957 
15 960 
15 989 
616 834 
442 81 
990 670 
850 714 
43 943 
562 834 
412 704 
43 66 
27 667 
43 667 
315 834 
158 991 
974 945 
5 656 
925 992 
299 900 
238 91 
925 238 
153 81 
287 238 
389 238 
146 900 
473 991 
150 289 
285 974 
945 974 
98 539 
204 993 
690 289 
