4497 10273 
10233 1272 
10233 3006 
4497 7898 
10277 1761 
2758 6432 
4072 10238 
2785 1761 
4902 10225 
98 7898 
2893 10278 
7577 5182 
10279 5182 
4754 10280 
2481 10280 
7390 1272 
5972 10235 
9771 10225 
10267 10235 
9778 7078 
9402 6712 
4190 8774 
9715 10281 
256 5427 
1611 9182 
2481 3607 
6707 383 
7149 10238 
616 6432 
4902 3003 
4072 3003 
8922 71 
3627 6432 
1247 1761 
4381 9182 
1050 837 
3095 7202 
1050 7202 
734 664 
8948 724 
2868 724 
10282 5182 
10282 5182 
1851 10283 
1927 8140 
8461 10284 
3842 3937 
850 10285 
572 1828 
8965 4560 
10286 5182 
8819 10066 
9126 10244 
8965 4631 
2963 10287 
7804 10283 
4397 4397 
3627 10287 
6358 4560 
10288 4092 
545 10193 
4877 10287 
