5504 10418 
8276 11488 
11038 9736 
1805 11556 
10411 862 
6358 11557 
4633 11557 
1632 2175 
8676 4795 
4902 8693 
1632 6501 
5130 6501 
613 4729 
1632 2175 
1509 11555 
1509 925 
6334 2843 
9299 11557 
1509 7733 
1682 13 
4072 4795 
2481 11558 
8819 4729 
6987 1247 
7804 1163 
850 5241 
7733 7733 
6241 4795 
850 4795 
11559 1632 
575 4795 
2534 4902 
4297 13 
2711 4795 
771 4795 
11462 11154 
3881 4902 
11560 135 
5612 3852 
465 3852 
2714 537 
10842 11066 
4643 968 
465 4795 
10842 4236 
4732 3201 
11561 1352 
5518 5241 
2704 537 
11562 11563 
6126 11564 
2351 7733 
153 10477 
1632 10477 
