14600 2275 
2714 14601 
11181 11181 
2905 409 
14584 14024 
5185 1343 
5092 9834 
5671 14602 
5658 9834 
2711 8370 
3230 2136 
7804 5127 
43 13543 
9424 9424 
995 5616 
13922 10424 
7804 5958 
1300 14603 
7804 5556 
9028 1190 
8867 1728 
555 14603 
8904 10659 
4261 14024 
14604 10829 
13523 410 
14605 4038 
6126 14428 
284 284 
850 5556 
2675 10424 
10855 10727 
1738 14024 
2675 14606 
3906 14555 
14308 12054 
14264 14607 
5493 12054 
2868 14608 
13695 14609 
14037 14490 
14610 13813 
14584 7751 
7753 7751 
837 10216 
8200 14609 
