38 2159 
947 135 
768 1163 
349 1951 
47 2136 
1108 135 
1248 1951 
757 874 
115 304 
48 98 
1259 1163 
1099 2160 
517 2160 
2088 1099 
2153 2161 
1259 2157 
995 2157 
1927 2161 
459 2157 
2072 616 
2009 135 
679 135 
1598 664 
2021 2162 
1030 1858 
1978 1335 
1427 27 
657 1335 
409 569 
2163 2162 
844 1163 
2164 1552 
708 1552 
657 1335 
287 2162 
2021 2164 
1050 1552 
1760 76 
2165 1552 
657 1335 
2166 925 
1951 1552 
1710 2167 
850 1951 
2168 1163 
687 1951 
1209 2164 
850 1627 
1108 1627 
204 1139 
238 2167 
1761 1335 
1381 935 
995 1876 
2088 1876 
43 1876 
1400 900 
