555 4177 
850 2875 
2640 65 
3095 2856 
945 2986 
1589 1890 
27 1291 
4 2195 
2049 1531 
84 4178 
1951 4175 
483 872 
679 4179 
613 4179 
459 2195 
1803 4179 
1805 4179 
656 1531 
3840 1050 
4005 2704 
77 759 
4005 883 
4050 459 
1611 4175 
3516 2211 
1611 1142 
4180 4181 
1611 4180 
4182 65 
4059 4050 
1343 459 
44 4050 
1578 1998 
3881 3663 
257 4181 
2548 4180 
31 4183 
3881 3663 
2215 2114 
1135 3978 
3955 4067 
1803 4050 
346 3085 
1247 99 
118 118 
3320 2114 
3425 4179 
2215 99 
2017 2032 
452 1678 
43 118 
1521 99 
43 4050 
278 459 
3516 4184 
1611 4184 
609 4184 
850 2266 
3425 2266 
372 4050 
4185 4184 
4005 4184 
4005 4005 
3052 1803 
1805 4184 
3369 238 
248 4186 
4186 1712 
2704 4005 
2957 2576 
3881 1744 
2481 76 
3425 4007 
34 99 
1157 99 
4125 4184 
