6316 6661 
1108 6646 
4297 5006 
6548 6519 
111 171 
1995 1560 
5504 6519 
111 1092 
1157 1560 
5481 609 
74 3093 
6459 4178 
27 837 
5972 3247 
4769 3247 
153 3247 
4769 3247 
3364 679 
44 837 
1400 459 
5719 6662 
2512 3247 
2608 4043 
3320 2782 
6663 2029 
346 5161 
5180 473 
2267 6664 
1890 6664 
850 4924 
2632 679 
2763 6664 
1995 4065 
3152 6662 
850 1170 
2429 1998 
6541 6655 
5298 4961 
2963 4856 
47 6665 
3540 1170 
1099 5116 
4769 1525 
4834 6666 
6667 837 
5619 2150 
6334 5116 
1542 2150 
43 4446 
2811 4446 
3977 837 
453 4446 
