1509 256 
3247 77 
784 4582 
2637 4246 
2411 4246 
42 4246 
3588 2479 
256 256 
1790 4514 
4199 4583 
4072 4583 
3104 4199 
4297 1560 
3247 4199 
1939 31 
3588 4199 
3484 2143 
4584 1139 
724 724 
2995 4199 
2763 3094 
4199 2285 
2061 716 
1236 716 
1350 2856 
2637 3957 
4514 716 
74 2029 
1099 332 
2136 332 
4585 4401 
530 332 
679 77 
2248 3094 
2187 332 
2187 332 
759 2856 
4451 2856 
3333 2856 
4514 26 
2187 2856 
3247 2856 
2780 2856 
4397 3736 
47 2856 
2267 4586 
4297 4586 
2267 2285 
4125 2285 
1452 2856 
1805 2285 
1589 2856 
3655 2856 
1452 2285 
3903 2856 
4492 4586 
530 2856 
1236 724 
1452 1960 
1611 2285 
1902 43 
4125 3419 
3364 332 
4587 1381 
3540 43 
4269 3201 
1611 332 
726 2576 
4168 2856 
4588 450 
4589 1489 
1343 4590 
1611 2856 
1611 77 
1611 77 
2029 4081 
4591 77 
1985 4304 
1247 2856 
4433 3080 
2765 2764 
3516 4590 
1780 2576 
4592 2856 
2608 4505 
2892 4304 
3643 2995 
4454 4281 
1259 4593 
4594 2995 
86 2995 
2090 965 
43 300 
3643 300 
3770 2995 
153 4477 
89 1139 
3627 3095 
4595 3929 
3320 4477 
4007 2230 
3095 537 
