1352 656 
690 1435 
1199 1170 
686 856 
726 1288 
1259 1288 
726 20 
1498 104 
1259 798 
1499 656 
27 1351 
459 1288 
34 1170 
34 656 
995 366 
1 656 
459 1170 
27 798 
287 1288 
1489 20 
1030 834 
1259 1500 
20 1501 
20 48 
26 1502 
43 1170 
945 1392 
1259 1392 
47 1392 
278 1502 
900 366 
459 1392 
43 1392 
1503 48 
690 1397 
194 1502 
1030 1504 
312 124 
173 1397 
133 124 
109 1500 
199 656 
947 279 
153 1502 
900 1505 
724 1505 
1236 1505 
1248 1505 
1236 1505 
187 1505 
43 1505 
43 1505 
420 1248 
850 1439 
1134 1352 
459 1392 
1134 140 
1121 1506 
1236 1502 
724 1506 
412 1507 
1508 140 
1259 1392 
692 1502 
564 1502 
945 459 
564 1501 
136 1502 
1509 1164 
346 220 
1259 1500 
1336 1436 
1351 609 
1336 1188 
