10881 656 
4952 16350 
15155 20515 
8660 19977 
1350 20515 
8904 20516 
8904 7234 
20496 20517 
4104 19898 
3607 11926 
3607 11926 
6334 5093 
9334 2599 
3696 20515 
1005 2599 
295 656 
20518 20515 
2534 20519 
410 20520 
19324 20521 
12394 18614 
12394 20262 
18269 20365 
20522 722 
4692 20521 
8738 8738 
3411 20459 
3455 20523 
20524 8449 
1050 3807 
7686 2535 
20525 20526 
2397 20527 
1762 14606 
18901 20526 
3279 656 
10659 20528 
11462 13081 
18422 20526 
16574 16574 
8660 13081 
16227 16227 
111 19581 
2287 19581 
20529 20530 
11462 20531 
1157 17710 
9028 19736 
13934 18773 
20532 4454 
