1236 1360 
1605 1596 
224 121 
507 960 
153 1360 
1108 1360 
43 1606 
567 1360 
653 1606 
1607 1360 
1038 91 
158 1567 
1593 517 
616 1190 
400 44 
44 1190 
158 1593 
768 31 
400 34 
572 1190 
1030 1190 
27 1608 
158 1609 
1108 1610 
74 34 
27 960 
27 158 
960 448 
1611 448 
725 1610 
448 459 
1612 1593 
1611 366 
1259 569 
27 1578 
1612 368 
1489 724 
1234 724 
44 34 
1613 724 
1209 368 
44 368 
187 933 
8 34 
1199 572 
1578 1578 
1552 31 
1525 34 
1608 1608 
20 724 
1352 1352 
1583 1352 
420 1352 
420 1352 
159 1525 
420 1352 
1309 1352 
420 1352 
1614 874 
609 1050 
831 1352 
1352 1352 
257 1615 
1352 1356 
1368 1170 
1542 1616 
1542 569 
20 569 
995 278 
1617 1356 
1138 1567 
1352 1352 
43 298 
1617 453 
298 704 
687 138 
1142 278 
1489 1407 
616 1407 
503 1407 
431 1407 
609 1407 
850 1407 
616 1407 
687 1407 
822 1616 
609 1407 
1368 1407 
1371 1407 
503 1407 
74 74 
