1760 13134 
12316 405 
8676 13021 
1194 77 
9262 8487 
4769 13135 
12036 405 
4952 13136 
1890 4873 
5180 12884 
3636 11559 
575 4087 
111 12896 
1853 4048 
504 11573 
10627 13096 
12986 13135 
12986 3447 
1352 13125 
6126 11038 
3440 3831 
4072 13021 
2704 8415 
555 13092 
8454 7898 
9923 1119 
11845 13137 
4972 10575 
11038 2198 
12831 13128 
13138 13139 
1197 13140 
2215 12481 
1197 12481 
3607 13140 
9238 13141 
4952 726 
3447 3447 
1760 10627 
3320 13142 
13143 11562 
2447 13144 
2599 8196 
6721 13145 
1509 12775 
2758 1853 
153 13146 
2758 10627 
653 10627 
8660 10627 
5518 2319 
13147 1291 
5092 8196 
7804 12775 
1234 3287 
4497 9236 
6987 4073 
1248 13148 
