6510 8340 
6316 7183 
1589 8262 
1234 7640 
1910 8260 
8201 1163 
6751 7183 
2029 4481 
2785 8260 
8316 8342 
6551 759 
1259 5127 
2681 5427 
8320 7183 
1247 8260 
15 8343 
1248 2785 
4751 5427 
3320 8344 
4902 8345 
5972 8330 
199 2785 
8346 798 
8316 4962 
3034 8347 
726 1560 
453 8338 
1350 3369 
256 8340 
8000 2704 
7407 8330 
453 7750 
1050 8063 
2711 6672 
1270 1163 
3516 1190 
1784 8348 
3516 8347 
4795 8349 
4795 8349 
3540 7183 
8334 3755 
3516 8350 
44 4802 
2682 1343 
7407 4159 
4633 1099 
3881 8351 
396 396 
4902 6034 
1050 224 
6683 8351 
800 8316 
4042 2704 
43 8340 
1138 1138 
315 7862 
2550 2073 
3928 2073 
171 8352 
153 4159 
834 7862 
