850 629 
2139 280 
1927 2140 
27 76 
1300 2096 
278 2141 
1951 2141 
1927 2142 
1400 1408 
1951 2142 
875 2142 
1718 2143 
153 1360 
564 1045 
995 1387 
500 2142 
1257 1951 
312 1951 
1248 2143 
517 1360 
312 2095 
31 298 
1099 298 
285 298 
2144 1360 
2145 4 
238 298 
726 120 
34 2142 
564 2146 
995 2146 
951 2147 
287 2147 
1392 2147 
186 2147 
2148 1855 
89 120 
1197 629 
2137 364 
2149 1360 
2150 1853 
312 2147 
2151 629 
2090 1841 
141 298 
2090 2062 
1867 120 
38 98 
368 1086 
312 1086 
287 1086 
368 98 
1805 98 
562 1805 
383 1761 
1978 195 
