13611 4714 
13612 13613 
4397 10828 
13068 12799 
10739 13555 
2717 4918 
13043 6721 
2285 9276 
410 13614 
189 2114 
8 13615 
410 13616 
4631 2867 
13617 656 
13479 13614 
6193 11736 
86 13618 
98 10922 
13606 13462 
13606 9363 
10963 12410 
13619 7688 
770 10922 
47 9363 
13388 13614 
6380 13600 
1738 13320 
9715 2867 
13620 13621 
88 4569 
5493 5457 
1138 13320 
12290 13622 
20 759 
850 759 
575 3928 
1248 759 
8909 3695 
13623 4956 
708 3928 
2963 10922 
2481 3695 
13320 3695 
2122 13624 
2481 759 
6721 8167 
96 7688 
8058 13625 
293 13600 
13626 408 
13627 13614 
1890 4104 
