429 2554 
2545 5353 
1408 4962 
2481 3453 
4355 3453 
3484 3044 
202 4962 
2638 1749 
1601 5181 
224 5354 
4686 4246 
3425 3044 
4891 5355 
4281 2275 
894 2355 
726 679 
995 5319 
1170 679 
5356 5357 
4217 4845 
5356 2214 
530 5358 
3986 5359 
2429 2934 
5360 968 
4902 4953 
4613 798 
1601 5305 
4902 5361 
837 2342 
3540 5361 
3881 5361 
4577 3484 
4059 5249 
77 1957 
4073 679 
1995 2370 
4297 2370 
5362 2355 
3553 1957 
2429 3888 
44 5363 
5364 2256 
346 1029 
5364 2256 
5180 5249 
1738 2198 
3320 2370 
138 1247 
5365 2214 
4007 1670 
4744 4845 
4363 2214 
4902 3455 
5180 5305 
