2447 1209 
1805 16108 
13965 10038 
1379 15916 
3230 2175 
2725 19419 
295 4458 
6174 312 
15362 4458 
410 19420 
5185 3316 
98 19421 
2187 5523 
4972 12652 
4072 19422 
5185 19423 
4972 18187 
19424 19425 
34 5761 
3842 19422 
77 1247 
13985 13985 
15362 4458 
759 431 
17576 5612 
2725 19262 
4027 11358 
19426 1191 
995 1089 
17455 7234 
14618 1089 
1738 17294 
1611 1352 
5958 1352 
3394 18336 
9923 9295 
16886 19427 
19428 3276 
1851 18750 
17942 3276 
14012 18750 
256 10038 
8201 8201 
5616 12791 
