224 2215 
3798 2437 
2319 4906 
2429 1291 
245 2437 
1425 1351 
2021 4673 
4251 2437 
3320 2380 
1321 405 
1768 2215 
2664 3525 
1890 459 
77 539 
4914 3525 
4167 3961 
4915 4916 
569 2599 
2411 2599 
224 2599 
4917 405 
1790 2599 
2717 4918 
837 184 
609 4918 
1377 539 
1632 4919 
1638 539 
2996 4920 
3881 3432 
245 204 
3095 539 
4692 4920 
2896 2281 
4692 4918 
4902 194 
2640 4920 
1310 539 
71 4884 
3086 2281 
837 679 
31 99 
4877 2780 
811 539 
4910 4910 
4921 402 
2977 688 
2114 3296 
4922 4811 
4921 850 
4921 850 
4921 919 
4877 3944 
3516 4910 
569 3944 
2827 3944 
4923 101 
1248 4924 
4925 627 
578 2713 
4925 3749 
1009 2713 
2704 194 
1259 76 
4625 2713 
2481 1749 
3770 539 
3623 4926 
569 539 
4251 2713 
