10267 10321 
8684 6987 
3986 10321 
4104 448 
10153 10330 
10331 9306 
616 9306 
10332 3873 
616 8684 
1343 4104 
571 6987 
5972 7208 
9158 9158 
5126 10333 
10249 4073 
572 10334 
10249 4073 
3230 10334 
10307 10335 
74 2029 
575 4795 
9899 10336 
44 10326 
759 8684 
9764 10335 
7804 4458 
6869 10273 
616 7740 
10297 3369 
9510 10337 
2267 10273 
1247 3577 
4593 9182 
10325 10238 
158 9182 
7202 9182 
2879 10338 
4477 9182 
1050 631 
5518 52 
9591 10339 
4593 2267 
1890 2267 
431 9182 
5612 2267 
4902 6034 
10233 4795 
62 2407 
2215 10289 
835 9479 
7740 7740 
