121 26 
34 110 
74 431 
432 26 
154 194 
412 81 
433 44 
244 26 
154 346 
333 37 
434 346 
386 428 
431 65 
333 428 
435 229 
248 433 
27 433 
77 37 
26 77 
26 77 
26 77 
204 77 
31 140 
86 77 
365 77 
31 77 
273 77 
110 77 
134 77 
134 77 
436 71 
420 77 
110 77 
80 77 
8 44 
146 184 
412 34 
418 77 
1 184 
154 34 
418 77 
77 184 
44 77 
104 184 
332 184 
173 77 
104 77 
44 184 
81 77 
437 162 
77 184 
123 1 
26 1 
37 140 
81 332 
120 77 
438 1 
121 1 
26 386 
402 77 
29 386 
8 27 
299 299 
121 386 
204 8 
400 428 
26 8 
164 374 
164 273 
129 439 
57 332 
338 419 
57 77 
60 60 
440 441 
135 77 
389 193 
135 77 
442 60 
74 386 
442 116 
27 204 
170 8 
1 204 
184 229 
94 193 
94 408 
104 77 
443 77 
444 445 
133 374 
182 445 
408 31 
446 77 
5 304 
354 3 
447 162 
435 229 
158 332 
448 408 
26 421 
26 421 
26 421 
80 445 
140 421 
448 421 
184 31 
184 421 
449 77 
123 8 
164 421 
450 77 
233 128 
97 77 
120 451 
197 77 
197 304 
420 304 
452 451 
57 421 
31 421 
248 450 
248 421 
123 451 
223 168 
375 77 
450 26 
299 450 
223 100 
448 1 
204 184 
133 375 
450 26 
