86 874 
537 679 
537 2479 
2760 2988 
1157 404 
2267 404 
43 404 
43 404 
194 2987 
2113 2554 
2989 679 
2990 834 
86 2991 
2986 618 
546 2991 
2411 834 
2022 2988 
2022 2988 
2187 1633 
850 278 
1248 278 
2229 679 
807 2673 
2725 2673 
1032 759 
850 883 
2598 883 
2939 2939 
546 2992 
728 883 
1350 278 
1761 759 
2229 883 
2598 883 
2229 278 
2960 2978 
44 2993 
1144 1144 
442 883 
2682 2479 
883 846 
2957 2207 
947 1767 
1108 1767 
445 2977 
517 2704 
1134 1134 
1135 1633 
182 2843 
2548 2988 
2982 501 
2548 704 
2982 278 
1753 2113 
1360 1767 
2541 184 
2682 278 
2994 77 
2214 2995 
2701 2843 
1050 2541 
546 2995 
2996 2997 
116 919 
2884 2998 
1350 919 
919 1618 
2411 126 
877 1618 
2763 2554 
