7160 7160 
4593 7055 
7229 7229 
2599 7230 
3928 7231 
284 3888 
7055 7055 
724 2704 
2638 5958 
2599 5958 
5126 6034 
1718 3177 
3425 3177 
42 7230 
5005 656 
599 599 
7232 3484 
2638 6178 
3455 6034 
1050 7229 
1050 7233 
4297 73 
3953 5136 
7223 569 
7234 7234 
1343 1343 
1768 73 
5253 6034 
6821 5138 
2958 7235 
1089 7236 
2621 7236 
5298 4593 
1247 1561 
20 6965 
569 1561 
5136 5136 
1509 2106 
3320 7237 
656 7235 
850 7232 
3425 3308 
1880 7236 
7238 6218 
6193 4593 
3369 7239 
453 676 
586 2890 
2351 7240 
3291 4151 
4692 7233 
6805 7241 
