1108 11248 
13806 13985 
11108 11108 
111 15129 
1170 2157 
14618 431 
13913 5716 
15130 15130 
837 12974 
4952 15131 
1890 2879 
13913 13913 
14955 4924 
4256 153 
14378 4516 
5716 5716 
14378 9479 
2187 15132 
8660 3336 
1108 15133 
77 431 
1378 2619 
1890 12974 
10659 2619 
6193 12974 
43 256 
43 14264 
877 2619 
9461 2619 
6964 8095 
7804 10881 
572 14264 
29 10881 
8178 15134 
382 13985 
10853 4835 
15135 4992 
3895 3895 
111 15136 
13985 13985 
111 15137 
14618 14366 
4902 13543 
4128 13543 
14618 12765 
256 256 
