2512 2561 
1614 4220 
2351 4465 
44 1780 
138 1247 
4902 446 
2714 1780 
4902 459 
2704 3430 
2599 1780 
2090 4903 
4769 4904 
4096 4904 
4505 4904 
4114 4834 
2411 4905 
850 2711 
459 2374 
3095 4906 
1951 3765 
2711 4907 
1489 2374 
4756 97 
2811 2207 
4297 4872 
4847 3765 
575 4446 
4847 3196 
78 4908 
4909 2207 
1995 4908 
616 248 
1503 2029 
2576 4910 
3074 4911 
3095 4119 
3823 248 
3095 4912 
2043 4910 
4901 4901 
3881 4910 
450 31 
3627 2856 
609 2945 
2339 2339 
837 1291 
4913 9 
1910 522 
