1890 5418 
2599 5418 
5712 5731 
2588 4613 
4477 5731 
5732 3627 
1797 5733 
3712 4765 
3093 513 
4902 5734 
5735 5734 
459 5736 
901 2355 
995 5734 
5737 4007 
5619 5738 
1890 5736 
5739 5740 
5098 5728 
3986 4765 
687 1910 
459 5734 
27 5734 
616 5734 
5675 5675 
4297 5734 
368 1753 
4771 808 
4297 5741 
1696 5728 
4870 5742 
2885 5738 
34 5418 
5743 5741 
759 808 
5744 1726 
2640 656 
1352 5740 
5418 3417 
4010 3002 
3928 5745 
5612 5376 
3540 2853 
5746 5747 
1867 5745 
4297 5747 
2216 3417 
1643 1580 
3643 1580 
2827 5510 
3394 2164 
800 2717 
20 945 
4643 5747 
1197 1910 
5086 3417 
5730 110 
5676 3394 
905 5491 
1509 5741 
1550 3394 
