690 656 
182 656 
368 84 
70 667 
506 667 
987 993 
31 667 
994 900 
50 368 
450 667 
450 84 
785 368 
26 993 
870 201 
199 270 
870 755 
74 48 
110 656 
204 667 
513 992 
517 900 
995 66 
517 656 
39 667 
121 48 
26 896 
996 949 
995 81 
785 368 
947 34 
392 238 
287 34 
616 332 
39 896 
27 808 
916 896 
698 700 
997 76 
925 332 
916 896 
925 993 
909 77 
616 346 
97 993 
97 84 
909 77 
613 346 
575 332 
613 332 
77 78 
964 3 
935 998 
616 966 
43 238 
999 949 
999 670 
770 966 
412 201 
987 1000 
412 194 
726 194 
667 135 
991 77 
15 34 
459 896 
15 194 
459 1000 
110 656 
284 551 
20 34 
20 368 
1001 332 
545 656 
204 656 
431 989 
609 989 
909 670 
15 66 
