153 1378 
947 1378 
3202 706 
1851 1578 
3827 681 
3184 304 
1578 304 
3285 304 
3792 3828 
3285 408 
1135 706 
1835 1578 
616 1460 
2005 1228 
312 60 
3821 3829 
2535 681 
575 1460 
2983 408 
3643 408 
500 3830 
153 408 
1601 681 
1343 2576 
3364 3831 
3643 3830 
3832 304 
3833 204 
3120 3831 
3821 20 
3120 3831 
3383 3827 
850 706 
98 430 
3469 681 
1259 681 
1343 2576 
3469 1288 
1050 3834 
3822 3835 
3022 2948 
2714 3750 
2163 3471 
3836 278 
2694 894 
153 3516 
3554 3326 
1761 3516 
850 1535 
2704 3837 
726 3107 
224 234 
459 3107 
1248 1691 
