4217 629 
945 1 
945 1066 
2643 629 
2637 2267 
2974 1015 
3781 2267 
4441 1951 
4297 667 
2187 629 
75 75 
4077 2136 
1030 1963 
615 4442 
138 138 
2421 4428 
2063 2136 
4299 4443 
81 4443 
877 4443 
4168 2811 
1738 1173 
4444 945 
1738 2811 
138 2576 
3689 4442 
182 4442 
945 569 
1259 569 
2711 4445 
1259 1015 
74 4007 
182 3840 
4391 4367 
44 34 
3425 4007 
4446 4050 
4447 2910 
15 724 
2714 3485 
1525 4446 
4448 4443 
4173 4050 
3924 4163 
346 2704 
89 2267 
4397 4446 
905 4425 
120 2554 
248 2554 
