5 146 
84 101 
101 1 
101 40 
148 47 
149 1 
150 118 
81 151 
81 77 
5 77 
152 109 
69 151 
121 77 
153 151 
137 151 
153 151 
94 151 
69 151 
128 151 
94 151 
4 151 
153 1 
69 104 
154 34 
70 146 
122 77 
155 151 
122 151 
77 151 
156 157 
158 104 
130 151 
110 151 
101 33 
110 110 
43 135 
159 31 
160 1 
95 81 
106 151 
106 151 
106 151 
134 135 
133 96 
134 101 
80 161 
133 161 
84 101 
129 71 
110 110 
162 77 
98 71 
27 71 
163 26 
121 144 
43 151 
98 135 
98 121 
129 164 
110 43 
121 165 
29 97 
1 164 
166 118 
129 4 
167 33 
109 71 
109 71 
109 31 
109 97 
168 151 
168 151 
109 71 
168 81 
98 165 
148 166 
43 169 
69 165 
43 98 
3 168 
27 157 
170 43 
134 98 
43 165 
43 168 
140 26 
170 77 
140 26 
171 98 
70 26 
121 26 
172 151 
102 98 
173 151 
148 97 
131 165 
