546 1744 
459 2424 
2180 2180 
616 2083 
1535 2157 
539 1744 
1867 1180 
995 2424 
2021 2425 
337 2425 
562 2157 
103 2425 
2416 104 
2021 1652 
1536 2409 
539 2424 
1170 128 
856 856 
450 128 
368 169 
38 2426 
2427 349 
679 1805 
837 1594 
2382 1247 
1400 666 
2088 368 
1248 2426 
567 2415 
8 169 
757 1594 
1030 2428 
1714 1218 
2215 1511 
1442 349 
1749 1594 
1867 75 
346 2428 
1309 349 
1439 1439 
770 75 
1050 1247 
2267 1247 
1552 2157 
2429 204 
153 368 
1368 349 
346 236 
2429 665 
785 665 
2429 733 
2430 733 
453 2431 
2432 1978 
2433 2426 
2432 1978 
2434 2374 
616 312 
1619 2201 
