9558 6034 
4593 9394 
8819 9394 
3906 9394 
9713 9714 
6771 6771 
9715 917 
4972 917 
5972 7348 
4128 9580 
6332 6771 
2031 2559 
188 3684 
1343 9716 
6332 6802 
605 9635 
708 3258 
8819 5408 
4497 6910 
5499 945 
5185 4962 
4902 6910 
9717 4163 
4163 6910 
692 2554 
2481 4186 
6510 9718 
6964 4186 
6416 9719 
9720 9587 
3575 7740 
2714 9719 
3540 9030 
3928 4186 
9702 9702 
9721 9705 
4261 6289 
9628 4186 
2714 7780 
3928 9635 
4593 901 
9722 9136 
6718 6718 
4756 1531 
5298 8965 
256 278 
1880 1355 
3986 9723 
153 278 
77 901 
3320 47 
9724 9136 
2481 278 
