4902 1805 
199 4470 
224 4723 
4877 1525 
3928 4723 
5499 5510 
5511 5510 
1851 2285 
4297 159 
224 3553 
4792 5511 
3928 3928 
15 3247 
3074 2211 
3881 3247 
372 2211 
995 776 
188 5452 
600 3655 
1611 1805 
5172 3928 
95 5512 
575 1086 
600 3714 
194 3247 
2963 4723 
616 5513 
5172 3247 
3295 5512 
4779 1582 
3748 530 
1542 134 
4972 98 
4972 1009 
5290 430 
157 3872 
3364 3872 
4902 445 
2638 5005 
1805 1582 
1589 3553 
4005 5513 
3881 445 
3425 47 
5367 47 
5180 3565 
5514 445 
2892 47 
5515 312 
5452 5300 
5381 5300 
1963 5300 
5126 883 
2411 3247 
1234 1234 
3415 1247 
5421 3945 
5516 3945 
3551 2425 
5517 514 
2763 5517 
4256 4902 
5499 1392 
