12432 15539 
15540 15541 
6669 2576 
111 12765 
616 15542 
15543 15544 
4902 15542 
4902 15545 
5927 15546 
15547 5697 
6316 15283 
5623 15305 
7359 5697 
15547 5697 
571 708 
5623 15295 
4072 14264 
12768 12768 
1611 2704 
1036 15548 
77 15549 
12385 11898 
12385 11898 
8449 11898 
3540 8909 
4633 2619 
15550 15551 
4952 15552 
6721 1975 
8098 15553 
708 13081 
5541 708 
15554 10627 
5518 15555 
6721 15555 
5093 15555 
2534 2534 
295 15521 
2714 202 
10659 8378 
3230 15556 
1850 5493 
15536 15536 
84 13081 
