2785 1247 
2481 1247 
2481 4692 
3226 7559 
95 7740 
2563 3181 
837 8322 
1400 2925 
3086 2925 
27 943 
5499 2925 
2599 8322 
81 182 
1468 182 
8316 182 
1468 2925 
8323 4928 
6599 4928 
8324 917 
8325 7417 
8276 8322 
1611 7161 
8153 7302 
6110 5958 
8098 8172 
8326 888 
6897 6897 
446 4692 
256 1190 
1234 2925 
7407 1190 
8327 128 
2022 5958 
2550 2925 
3765 6034 
681 2704 
2215 101 
4297 101 
2785 917 
1234 2925 
1963 6034 
7407 8328 
3320 837 
2714 8329 
2681 5862 
43 4633 
7407 2105 
1247 4397 
