18868 17428 
1377 17994 
894 18785 
19185 12553 
4847 18797 
7804 19186 
13934 16235 
5747 4104 
2535 19187 
19188 19187 
14474 17994 
2957 18797 
10659 5116 
18832 18832 
4952 19189 
19190 15 
7394 18750 
1400 5116 
6727 14903 
19191 5116 
4902 19192 
850 14474 
10659 19192 
10322 3372 
13934 19193 
2061 19194 
2534 19195 
15931 2704 
6174 19050 
29 1957 
5093 19196 
708 19197 
6543 3281 
19198 2704 
4924 3807 
850 3807 
5612 19199 
18808 4312 
3881 14088 
7878 19050 
770 19197 
8660 19200 
1371 3024 
8625 8625 
18352 19201 
9510 3807 
19202 19203 
2351 11817 
1378 12168 
15332 15332 
383 3646 
