734 18009 
734 18010 
5092 4934 
12036 34 
6721 18011 
17631 18009 
12629 5127 
1050 2599 
288 288 
77 13973 
12194 18012 
616 15546 
10659 18009 
44 821 
3842 3842 
18013 18014 
14818 13034 
14618 571 
18015 17048 
18015 17048 
5180 18016 
7686 10739 
48 109 
546 34 
5282 14818 
9028 1050 
5279 572 
10537 18017 
16982 17982 
1197 12194 
5493 18018 
7708 3807 
5185 16299 
4902 16854 
4902 14344 
18001 9646 
995 16299 
6987 14344 
7708 17982 
18019 17973 
3945 16102 
7686 10236 
199 12194 
17700 17700 
5972 18020 
6126 2736 
