1400 1188 
1259 1189 
1282 831 
1458 1458 
1248 1439 
121 1247 
1287 1045 
1462 616 
1463 135 
1259 1247 
504 1188 
1397 1394 
656 656 
1236 304 
616 1288 
1236 304 
1352 1381 
609 60 
1400 27 
194 60 
1464 569 
1248 569 
394 1444 
1465 31 
562 1288 
347 1444 
605 569 
822 653 
562 1466 
77 1466 
43 1394 
609 199 
1452 199 
167 824 
503 824 
459 569 
1259 220 
43 824 
1452 1032 
84 1288 
80 199 
1467 169 
74 1032 
1259 1234 
1259 1280 
1445 1288 
1259 943 
1445 943 
677 943 
960 1468 
1452 1468 
1469 1366 
1050 1121 
850 569 
1381 1470 
829 1121 
408 1470 
850 1032 
1170 583 
134 1468 
20 1121 
690 656 
1418 583 
724 1121 
121 48 
199 1121 
343 91 
74 48 
