7898 5136 
3440 5092 
97 894 
13898 14025 
74 5092 
74 1248 
850 3607 
81 14035 
14036 3736 
1300 5136 
2758 5092 
888 4918 
109 5836 
14036 3093 
4407 1890 
14037 1828 
14036 11614 
2996 5493 
2187 10828 
572 14038 
6193 10761 
12054 12054 
109 1248 
14036 95 
6751 4458 
4902 14039 
8276 14040 
5972 2704 
14041 7650 
138 2785 
5972 7747 
43 4134 
2358 14025 
1343 4902 
3540 14039 
4134 14042 
4974 4974 
2285 1248 
13806 14039 
679 14043 
12791 13065 
11038 13985 
901 14044 
7878 14000 
727 14045 
6987 12054 
2867 3186 
14033 968 
1797 704 
2588 4048 
14036 3590 
14036 11836 
6179 12054 
14036 12053 
