43 493 
8 408 
299 128 
43 493 
121 493 
404 297 
29 29 
299 26 
122 128 
268 332 
494 495 
5 3 
299 3 
26 491 
5 332 
494 146 
81 332 
182 493 
5 493 
496 457 
26 220 
497 2 
268 332 
299 26 
26 40 
129 65 
42 498 
27 40 
129 497 
270 425 
238 65 
29 65 
34 283 
26 75 
29 75 
20 75 
43 475 
29 26 
224 26 
486 204 
60 453 
26 31 
499 151 
500 146 
199 146 
26 31 
129 13 
386 13 
60 453 
14 457 
43 13 
497 77 
501 128 
194 77 
26 77 
8 77 
97 151 
168 347 
104 77 
389 77 
140 77 
204 77 
82 77 
168 332 
389 26 
69 168 
129 457 
454 204 
98 457 
29 80 
131 31 
77 77 
34 77 
463 168 
69 168 
168 332 
189 26 
463 77 
502 332 
4 332 
98 26 
82 128 
197 77 
459 503 
84 168 
121 457 
504 77 
3 168 
60 146 
459 146 
60 77 
44 77 
270 184 
80 501 
505 77 
57 168 
27 400 
475 168 
299 13 
27 99 
506 347 
433 168 
507 400 
121 65 
507 162 
44 43 
412 408 
136 204 
1 1 
3 99 
34 168 
501 151 
501 151 
110 77 
126 220 
44 167 
44 220 
62 168 
123 168 
20 508 
365 418 
20 168 
408 408 
34 110 
488 488 
143 168 
154 77 
497 31 
509 347 
284 501 
197 3 
197 3 
170 167 
510 151 
20 233 
47 77 
77 110 
511 77 
310 20 
153 98 
153 233 
62 98 
372 20 
468 80 
153 408 
406 501 
69 80 
332 505 
77 512 
81 98 
503 488 
29 512 
513 65 
510 98 
29 48 
510 304 
224 48 
199 508 
193 512 
123 514 
224 48 
8 134 
43 512 
197 184 
110 110 
389 514 
304 110 
256 43 
468 110 
109 457 
