507 138 
44 234 
2564 578 
2369 2281 
431 2281 
1248 234 
1108 947 
1259 234 
1247 2281 
539 903 
1784 2474 
1890 2474 
145 2270 
1838 1963 
1867 234 
2565 138 
1005 2281 
60 1582 
2566 2567 
95 1541 
1499 1276 
850 1916 
726 86 
1784 194 
2568 27 
2534 1460 
517 2562 
2548 1323 
810 2562 
248 1351 
1522 903 
2557 1460 
123 2562 
901 1351 
26 808 
1838 410 
2179 2562 
539 1351 
850 1817 
2569 2439 
1738 2570 
153 1881 
850 1881 
901 332 
1890 808 
2571 1963 
1738 1123 
894 1541 
1259 101 
408 2474 
