4902 8515 
442 2718 
7095 7095 
2714 7024 
6358 7751 
2856 1963 
4972 8551 
8067 5635 
265 1963 
293 7095 
7708 1803 
2446 7024 
2758 1960 
1509 6303 
4872 8552 
2905 5635 
2758 283 
7028 6303 
8550 1963 
2049 5635 
7910 7751 
4902 2704 
8431 2704 
5941 7751 
1963 97 
2809 8553 
4633 8506 
2758 47 
4397 97 
4845 4845 
8554 8407 
4902 562 
8515 8529 
74 2029 
42 562 
3540 8515 
3095 4389 
1108 4221 
42 4221 
3516 782 
188 4795 
2732 2732 
8418 8555 
8418 2049 
1522 8556 
2758 679 
44 4838 
6126 8557 
1036 2732 
546 4872 
2092 4872 
903 8556 
98 281 
315 5745 
98 5745 
