4756 9759 
9940 9736 
9941 9937 
84 8778 
5649 9937 
7095 1505 
8676 4570 
567 4540 
5098 8140 
6728 3523 
5972 9942 
2481 8299 
1352 9942 
2358 1505 
1197 9937 
6126 9938 
4274 1744 
3034 7559 
2856 1436 
1611 2704 
4902 4570 
1036 8506 
7686 4570 
1495 8778 
8067 759 
1499 759 
5972 9943 
4 759 
5985 7559 
9238 9736 
1730 44 
9238 722 
546 722 
7368 2824 
835 394 
1050 724 
1531 1761 
8909 9944 
6987 9944 
6501 6501 
1890 8102 
4902 724 
9870 9945 
6126 9169 
1050 3881 
4902 9945 
7078 1608 
3095 9946 
9870 9428 
5127 5127 
850 8093 
9759 9759 
5481 9169 
4129 8102 
7804 8947 
3881 8947 
