4799 1406 
224 507 
3881 2526 
4096 1173 
2763 4685 
4738 4806 
4738 2267 
4251 4048 
2411 4799 
405 1909 
2704 4799 
1400 4805 
2640 278 
2049 4799 
877 1406 
2974 4806 
2760 530 
2640 231 
4744 4807 
2785 522 
4806 4806 
156 428 
497 4807 
4785 4808 
2535 2331 
4744 2526 
850 74 
3095 2526 
1259 4809 
1009 4807 
1714 459 
4738 459 
526 4516 
2713 4807 
2811 153 
2640 459 
1247 459 
2481 459 
1201 919 
2187 4685 
4810 459 
285 4551 
1738 4799 
995 4811 
995 4799 
2711 77 
575 3584 
945 459 
193 4807 
4104 4812 
4813 4467 
850 3841 
459 3841 
2640 459 
3540 2526 
2711 3841 
2963 1589 
4814 304 
945 4551 
4815 4042 
2037 304 
4816 193 
3126 4553 
3126 1271 
3627 458 
539 4817 
2512 1406 
4269 1291 
4643 1589 
2022 4104 
4643 1291 
963 304 
4477 193 
835 4818 
2827 193 
1361 2267 
1768 458 
3516 3584 
4755 304 
4819 4562 
3825 459 
3095 4820 
3320 2437 
3881 883 
1251 304 
2599 4042 
138 2618 
3781 4820 
1173 3113 
4562 724 
