1138 8929 
2474 8930 
224 8927 
31 2053 
8931 8932 
4072 2343 
4274 167 
726 2682 
7804 8933 
7804 1045 
2447 8934 
8935 8918 
5380 3753 
2637 8936 
1377 4962 
1037 8810 
1037 8565 
1890 8818 
130 1190 
5402 5100 
2351 8937 
8660 2187 
1343 8588 
1890 6669 
8938 8939 
2281 8940 
2704 638 
8941 1618 
2554 2374 
698 8854 
8939 34 
293 1237 
687 8854 
7407 8933 
4297 6831 
2675 34 
546 8942 
47 8940 
1041 5309 
2868 8942 
410 410 
7723 1652 
3330 1119 
410 8939 
5896 8854 
2351 835 
7857 7070 
6126 2136 
109 879 
2868 2136 
5185 8943 
4834 8818 
4834 1762 
