726 1280 
98 1247 
726 808 
121 26 
74 26 
925 1285 
690 347 
8 1281 
1286 1285 
1287 1268 
1194 1127 
98 1247 
808 31 
204 26 
74 569 
27 943 
1177 50 
850 1177 
26 1282 
346 1282 
1247 77 
1197 26 
26 1288 
1289 1288 
1099 1282 
1197 26 
1134 1288 
1288 26 
182 1050 
1197 1288 
616 1288 
609 1288 
1290 121 
1197 1281 
129 1247 
1236 1291 
957 1288 
186 1288 
1236 1292 
270 1288 
74 431 
834 1282 
724 1282 
1288 503 
368 1291 
995 895 
1209 895 
569 1288 
995 1288 
995 1270 
1234 136 
69 1291 
459 1288 
1209 896 
445 1230 
1273 1230 
81 1230 
121 1230 
1204 458 
1293 1270 
1234 136 
1203 486 
66 943 
1248 1177 
1181 834 
1234 368 
1236 368 
564 1294 
1025 1288 
935 762 
346 1170 
605 1288 
