15519 11845 
1197 1197 
2061 15520 
2588 14212 
1197 15520 
7804 15520 
4128 15521 
15522 4962 
3086 2780 
2481 15520 
111 2780 
850 2175 
8821 14738 
15522 15523 
15524 15305 
15525 1986 
15452 15526 
6425 15527 
14525 2704 
15528 15529 
4274 13615 
4962 11845 
14308 15496 
4902 11845 
6510 15530 
11469 11068 
1350 11845 
7078 7078 
6244 10920 
9989 15531 
15305 6965 
4297 15526 
4952 2534 
5493 15531 
6721 14599 
8778 1343 
14618 14599 
1352 15532 
6577 11559 
14618 7640 
2704 15533 
8660 10216 
