1542 2267 
153 2267 
9591 8999 
43 7008 
1187 4148 
173 2267 
2963 3334 
6359 2267 
2704 3334 
8052 2267 
5478 3334 
575 7008 
138 3334 
11141 3334 
10791 10470 
3095 4902 
77 4902 
10659 3087 
11142 3334 
9292 10470 
3415 2029 
9674 5883 
1187 968 
9747 5697 
3540 4848 
5459 5745 
11038 6965 
11038 8530 
465 10470 
10537 5697 
1995 9734 
3320 11143 
1851 968 
11144 8778 
11038 764 
11038 5452 
11038 11145 
11038 4446 
11038 4446 
412 3358 
11038 408 
8827 11120 
8320 3334 
4297 9734 
188 10692 
6987 3447 
8965 8965 
5927 1069 
2974 5883 
2809 968 
