537 2175 
91 31 
1013 1594 
2442 2245 
613 13 
236 13 
1259 1190 
285 1619 
2332 539 
2446 2175 
132 2214 
499 1633 
2234 2157 
1611 1758 
2077 84 
31 99 
2448 298 
86 2327 
2256 99 
1768 13 
2215 13 
2216 1940 
2216 1940 
234 1 
1209 1 
2215 1 
1951 1940 
1780 1758 
1134 1170 
1134 2449 
850 2449 
372 537 
236 2287 
1633 408 
2168 2287 
2094 2450 
1134 490 
1880 2214 
2032 2449 
2359 539 
2215 2287 
1960 31 
2359 4 
2359 1355 
98 2157 
2029 1963 
153 1248 
188 1619 
875 1248 
2450 1248 
2429 1853 
837 31 
1079 2382 
2215 74 
8 74 
2187 74 
404 74 
