3755 505 
2021 1985 
2892 1985 
368 31 
2429 4086 
4297 4086 
3320 1851 
1614 1851 
4199 4487 
1614 4405 
2714 4488 
4261 1494 
596 4485 
4297 1403 
1614 4405 
48 4397 
8 4059 
3479 278 
3333 1494 
613 3095 
4489 1985 
3333 76 
2996 4490 
3384 3095 
759 4397 
3453 4086 
850 4491 
995 4492 
86 4086 
4059 4492 
877 1458 
1005 2029 
3295 965 
1005 759 
1259 4492 
1611 2292 
4493 278 
945 127 
1050 1458 
3480 4488 
4494 278 
1611 782 
4186 4495 
759 4481 
4496 4490 
2061 1670 
3928 4481 
4297 1988 
15 4497 
4186 4498 
15 1670 
844 4086 
4186 782 
2267 4497 
138 759 
3840 4192 
708 3095 
3750 4072 
194 1525 
2763 1643 
4454 4309 
562 3095 
1025 1643 
396 4499 
1805 4498 
