2113 3425 
1009 2370 
575 1963 
2049 3948 
2446 1189 
3627 2281 
995 2281 
3239 1050 
1270 2704 
2343 2343 
3384 3949 
2780 3949 
2704 3949 
346 3910 
3138 3891 
2098 3387 
120 3950 
158 778 
3951 3891 
120 31 
120 3891 
3253 3891 
3951 3948 
1300 3387 
3951 656 
3951 530 
1247 75 
1611 530 
2416 3923 
1582 1582 
2893 3891 
1727 3913 
3364 530 
877 3943 
3952 3868 
3823 200 
3901 3945 
837 2087 
564 2454 
3540 3387 
3117 75 
3627 778 
20 75 
2049 530 
1611 3953 
3644 656 
2216 1050 
863 3953 
3823 656 
1050 768 
3823 3948 
3954 3955 
1236 1525 
1780 3949 
1780 2343 
346 3095 
3956 3731 
89 75 
3956 3731 
2714 3957 
20 2714 
894 3119 
1835 31 
412 2343 
153 3731 
3512 3949 
2281 569 
1050 2704 
995 448 
1259 2425 
3364 1247 
850 1247 
3958 2704 
3425 1247 
3946 3949 
2711 1247 
2216 1940 
439 1247 
3847 448 
3689 1940 
