16333 17042 
14955 6672 
8078 283 
11469 17045 
4261 17046 
16226 1827 
3765 12149 
10668 2704 
7078 17047 
349 431 
2704 14142 
15439 12404 
14098 14142 
4104 14142 
10920 10920 
6457 17048 
14308 15270 
14618 17048 
5230 17049 
17050 2704 
10659 17051 
9325 5180 
7407 15270 
4714 283 
3540 12194 
17052 5493 
5518 12194 
1738 12213 
17043 15432 
2758 16315 
7083 15164 
16969 17051 
8796 7750 
8907 7055 
1589 17053 
5518 17038 
2481 7055 
778 13973 
4342 14142 
11469 12171 
8067 14142 
5518 4962 
17043 14142 
