3054 7592 
7522 5116 
726 7580 
1050 7567 
1291 5116 
3295 2254 
4692 115 
7582 5247 
834 7499 
43 1725 
388 968 
4952 7592 
4952 7328 
4732 5127 
1738 2136 
4072 2136 
2884 2136 
7593 7386 
7594 2136 
1170 2136 
1248 3230 
4072 1959 
3643 2136 
6984 4918 
7595 7596 
901 5116 
6241 7398 
901 2136 
3935 7596 
698 4631 
6474 2136 
6209 4631 
2811 4631 
1343 2136 
1866 2682 
1768 4023 
5481 4918 
4407 7322 
2714 2678 
1050 1099 
1509 5127 
1509 7324 
613 1725 
2242 7597 
3394 7324 
1050 7598 
3870 6859 
1138 7208 
1050 2704 
4631 2136 
3295 3054 
7599 4238 
43 3054 
43 43 
98 430 
98 4643 
5489 6646 
656 2136 
43 7600 
7592 7592 
1489 7406 
2481 4054 
2481 6623 
