8660 6669 
7078 6669 
1352 13227 
8276 13228 
27 13228 
3247 6669 
4952 13229 
8778 9409 
648 8500 
1890 10102 
4631 10627 
850 2576 
5279 7756 
2711 13230 
8096 13180 
2640 12765 
1352 7208 
12194 2576 
5418 2576 
13231 13232 
5972 5649 
10593 13225 
9819 13233 
10521 11688 
4593 4116 
47 11879 
5180 4116 
12054 12597 
6721 12597 
12597 12597 
6126 7798 
526 6725 
13234 1985 
4593 668 
9748 11688 
10659 11688 
1894 1164 
5518 4497 
4497 13235 
1350 13236 
9715 7756 
153 13237 
7407 9479 
6241 11177 
