5093 8079 
4982 1762 
9066 4902 
8660 9644 
6126 8828 
3736 3863 
2481 9650 
850 9650 
5972 9651 
4397 5935 
4397 9652 
2704 9651 
9238 4049 
5723 9651 
1838 724 
4348 9653 
8937 8937 
921 8079 
2548 5047 
567 7123 
9645 1767 
7078 2576 
4497 9654 
6241 4481 
1601 2681 
2029 8867 
9655 329 
4876 2714 
8937 917 
3540 2704 
8847 5722 
9630 9630 
4397 3928 
2974 9656 
3627 3627 
4643 3928 
284 9636 
44 9224 
4087 7178 
8938 9657 
2029 9334 
9658 7178 
708 3258 
8660 9659 
2868 2323 
4902 7178 
4902 5935 
4972 9366 
2481 5230 
2122 5230 
2029 7597 
7942 4460 
