96 2704 
44 491 
1030 2946 
850 2143 
653 943 
4011 638 
7526 7527 
3627 7528 
1350 638 
1995 1069 
2351 7529 
199 724 
1961 491 
4952 2704 
3627 2704 
372 724 
4407 7525 
6241 4325 
3425 2143 
679 2704 
7407 6098 
153 4072 
2090 6098 
2897 4072 
850 4072 
759 4072 
4538 3093 
850 723 
7530 4072 
567 5312 
7530 184 
2640 31 
2481 723 
6510 1611 
1191 7358 
3870 7531 
7468 4782 
7532 2355 
4902 7531 
3308 4072 
4397 1139 
3864 1116 
2638 4072 
7533 1957 
4859 5312 
238 7296 
1050 7534 
7535 1407 
4859 4072 
1138 4072 
6354 4072 
656 4072 
7535 304 
656 638 
1768 7536 
5518 4072 
5518 4072 
7537 3243 
1535 4072 
7538 1407 
4902 3870 
4902 5237 
5518 1761 
2905 6287 
7539 1407 
6358 1407 
4643 6287 
