134 6833 
6126 12530 
7708 7202 
1532 7202 
1030 7688 
6510 9530 
9819 10529 
7832 12624 
8948 6964 
6126 6964 
2704 12625 
11938 9439 
1350 3334 
153 12626 
37 11962 
10528 10529 
5518 12626 
616 6964 
837 11427 
1962 11427 
6457 11028 
12591 12627 
1890 1313 
12456 575 
410 2988 
1532 2988 
9819 12628 
609 118 
12629 12629 
759 2029 
122 158 
5185 11016 
12199 2988 
10855 4763 
12583 2988 
8431 60 
6987 158 
3593 12630 
9819 1313 
8650 158 
7078 224 
10886 10886 
6333 12467 
3394 968 
4593 1163 
4593 2594 
11562 10853 
935 60 
12631 1691 
6387 9224 
1247 12541 
9959 12467 
5180 4593 
1995 1828 
4297 12585 
7407 12632 
5518 12633 
29 11805 
5093 10536 
2551 6718 
153 12632 
3394 1247 
3396 3396 
8660 8888 
11573 2216 
4972 48 
4381 12632 
12634 4596 
