2963 14494 
9510 15302 
8827 4381 
7186 2287 
9715 15303 
8738 4381 
1379 13543 
575 1190 
877 15271 
11038 9894 
791 8660 
1611 850 
15304 1728 
2715 837 
15242 10501 
2715 2252 
7804 14264 
7804 15305 
13981 11817 
2664 3024 
5185 5402 
11358 11573 
15306 13844 
6987 11559 
11038 8334 
6241 968 
5254 15209 
2905 15209 
2351 15209 
186 11071 
4297 15209 
8904 15307 
4762 8392 
6126 15000 
4025 4025 
15308 11071 
13612 14533 
2248 13199 
4593 15309 
850 14212 
4952 4104 
15280 15309 
1749 1749 
