13298 11993 
2714 10853 
1890 10627 
10644 10627 
5623 10853 
111 578 
4072 13106 
10842 10853 
4446 894 
5896 5896 
134 6806 
13299 4043 
11127 13300 
2090 13301 
1138 11886 
4952 13301 
850 4545 
1890 13302 
1890 7078 
6334 13302 
13294 13294 
13303 13066 
4856 4918 
2077 11358 
44 5376 
237 901 
1532 13304 
1985 4593 
3928 1548 
4593 1985 
3928 13305 
11358 4593 
11845 13306 
7593 13307 
3320 1828 
12036 1343 
4769 13308 
2331 4996 
7407 6619 
2319 3394 
724 3954 
3117 10424 
368 4312 
8819 3954 
6126 13308 
