153 1247 
1259 1025 
331 1761 
459 1761 
1704 91 
776 2010 
153 1247 
1991 2010 
238 408 
189 724 
1947 724 
8 248 
894 569 
504 1761 
278 1959 
1050 1959 
539 995 
1704 1370 
459 995 
1978 1978 
1343 1901 
431 2011 
1985 995 
569 2011 
459 1658 
1978 110 
1760 2011 
1972 2012 
459 2011 
153 2011 
173 1857 
569 1857 
2013 1959 
153 1978 
1052 2011 
1352 1978 
1670 1978 
47 1857 
1522 1658 
1257 1978 
1619 1857 
1619 1619 
850 135 
687 135 
539 135 
569 2014 
459 1658 
331 2011 
48 508 
900 298 
217 217 
569 569 
1611 5 
48 726 
84 298 
1259 569 
2009 408 
312 1257 
1761 5 
2015 81 
2016 798 
194 569 
616 84 
245 84 
1787 84 
1611 5 
616 1978 
539 5 
1760 34 
1531 46 
388 569 
2017 347 
539 1025 
947 1959 
1710 1578 
1704 569 
315 1257 
1352 1959 
1248 1761 
1670 135 
1248 2018 
153 2019 
1749 2019 
2020 2019 
850 2019 
