13562 13555 
11038 2029 
13179 11628 
11038 1797 
3516 13499 
6751 13389 
4631 13563 
3607 13533 
3846 13563 
5640 13563 
8098 13124 
10807 13124 
4692 13564 
4972 3928 
4631 5019 
6751 4631 
453 13565 
5185 5127 
13320 13566 
11469 10807 
2711 4924 
9238 4454 
11469 13567 
9715 12652 
7833 13568 
2957 13568 
453 13317 
6751 13317 
6085 6085 
6751 13317 
11688 13317 
6721 13317 
13569 3725 
11688 2997 
10854 13570 
6457 13535 
2569 13428 
96 656 
2704 13317 
2143 13317 
12525 3928 
4104 4104 
4631 4633 
