6367 3723 
2963 3723 
9041 4104 
3086 724 
726 724 
2856 12216 
194 3723 
84 724 
138 2136 
9041 3723 
4263 995 
10322 12216 
7394 4104 
7898 12249 
9409 11970 
4104 3479 
1784 12250 
4902 12251 
7710 12251 
4902 15 
995 7804 
12216 1505 
2905 1505 
7407 12249 
3485 2266 
2266 2266 
294 3447 
7735 12252 
5452 4633 
5192 7804 
7407 3937 
9510 12253 
12254 2599 
1995 11224 
1309 15 
12255 1505 
10194 724 
8660 724 
9238 12201 
12054 12129 
10537 12129 
2929 5375 
6551 8787 
9276 15 
2215 2407 
12130 4104 
12034 2407 
4631 15 
