7686 13543 
7495 7495 
1248 10297 
15098 10297 
850 14212 
4381 13543 
199 199 
194 10216 
644 153 
2714 1360 
11462 4312 
14474 5958 
8098 4312 
111 12765 
13806 13066 
1611 5958 
5092 4481 
5172 3248 
14473 12765 
2029 420 
575 14806 
4972 6669 
4902 14806 
9394 488 
1611 3479 
5088 459 
9394 14048 
572 15099 
382 13985 
6721 14149 
7878 15100 
8251 2029 
1611 7164 
5279 11962 
5279 968 
2704 13985 
1890 14149 
14968 15101 
4972 14149 
4952 57 
2248 13199 
465 8178 
11462 13263 
10659 57 
8098 7164 
2675 153 
15102 2236 
