2216 445 
616 2224 
2216 1963 
459 2212 
121 1503 
2211 2211 
89 1503 
1928 1503 
77 2226 
2211 77 
1248 1503 
96 77 
1030 77 
539 1045 
1257 77 
236 2225 
539 1503 
1923 798 
1209 2227 
1951 1503 
42 935 
1135 2226 
2155 1503 
2228 1503 
1209 2229 
2229 1963 
1728 169 
2230 1992 
453 2227 
644 2231 
1927 169 
1134 1503 
1611 1050 
1189 1503 
726 2232 
44 1923 
1714 234 
77 2195 
459 2195 
532 2233 
768 2232 
2234 1442 
459 2235 
1619 2231 
1321 2227 
2053 2223 
1714 2192 
2234 26 
141 1923 
2234 1180 
2214 2235 
2236 2224 
2234 298 
2234 75 
2234 71 
1371 1985 
808 1291 
43 13 
2237 1963 
768 48 
2094 1503 
808 808 
372 2211 
97 2232 
2195 870 
2238 548 
43 77 
204 1291 
882 2210 
2090 2211 
687 870 
586 505 
