1522 5254 
2090 60 
5172 2355 
278 2355 
4261 4683 
589 4729 
1963 2355 
2297 2355 
2215 1843 
3364 2355 
4123 2355 
4568 3087 
1611 5259 
5260 3054 
2090 3033 
2114 1843 
47 914 
2370 3928 
4505 3044 
2764 2355 
2486 3044 
3247 2355 
3295 5259 
4510 5261 
77 2355 
2090 5262 
4902 2355 
627 1173 
4510 5191 
1350 2355 
679 2355 
4163 2355 
759 5263 
43 2355 
879 616 
3095 3044 
158 4526 
312 616 
4902 5259 
42 4526 
1822 1350 
27 1099 
726 1099 
202 4374 
2640 2355 
4975 2355 
3440 5263 
4059 4902 
405 2355 
4510 641 
609 4845 
4005 4902 
2711 4795 
2090 4563 
2558 2355 
3881 4845 
5264 5152 
3453 2355 
5265 89 
346 2370 
800 914 
4446 2554 
4975 4795 
4792 1355 
1458 1170 
1247 4497 
1910 4497 
2785 4497 
248 759 
901 2355 
2894 1227 
5227 5227 
5266 20 
5267 408 
3034 1714 
3412 5268 
2963 5269 
