537 6034 
3529 724 
4934 6219 
3095 3035 
4791 1580 
2481 2143 
6220 204 
1259 1580 
1236 5417 
2228 410 
4673 278 
2190 1594 
4005 6206 
1867 6221 
6222 1759 
4011 2984 
3086 537 
6056 6223 
3095 6224 
5402 1522 
346 5161 
837 410 
5719 6219 
4975 6225 
759 2029 
6226 1451 
837 5302 
698 3655 
2164 1917 
3961 278 
5497 6223 
2047 2214 
1611 2984 
726 960 
569 960 
4192 6227 
656 679 
3120 6034 
3086 6034 
2629 6034 
3881 4902 
4005 5770 
1378 679 
2763 6228 
6166 679 
4363 4753 
2704 5770 
2388 278 
6229 6034 
3781 6034 
2446 6225 
1611 2629 
2122 2629 
5185 1917 
6213 278 
1890 6230 
6154 5056 
3643 5056 
3453 724 
1890 1853 
5518 1818 
2481 1818 
6211 724 
138 698 
1355 4119 
1986 4119 
284 4735 
5972 5650 
1910 1582 
2714 6231 
43 6232 
6233 724 
