2543 778 
500 3760 
3117 428 
43 3761 
2425 2425 
3627 3762 
3763 1170 
3627 284 
1995 31 
2853 1453 
3764 3759 
1108 3765 
2187 3765 
1890 1995 
3763 1978 
428 428 
3742 459 
879 3765 
1851 1271 
818 428 
995 3766 
3196 1177 
1761 657 
3767 1842 
2392 657 
2960 3734 
850 3768 
193 31 
3516 3734 
3540 1170 
1780 3765 
3719 903 
1768 3766 
1611 251 
3755 2425 
3769 77 
123 3766 
1768 3332 
3733 3332 
2543 3332 
3660 251 
1050 524 
3770 3643 
3770 3771 
2216 3771 
2760 1759 
173 657 
2358 3771 
335 77 
3739 3771 
1521 3771 
98 759 
1187 3725 
3559 3419 
3686 3724 
2566 2032 
20 298 
2481 3772 
1851 31 
837 1995 
20 1759 
3627 2856 
879 3771 
575 759 
2090 2032 
1513 3773 
1005 1910 
1108 1759 
3734 3734 
