3643 285 
2599 2029 
4914 5051 
5051 5051 
575 445 
837 2114 
1542 101 
2714 4568 
3540 2766 
194 877 
194 5051 
1890 193 
4261 278 
1851 5006 
945 4596 
3643 877 
5040 393 
925 285 
2785 877 
1062 2143 
2049 877 
74 34 
3484 2143 
4756 914 
2638 4568 
1223 4795 
3320 2958 
4756 4568 
1321 1641 
569 877 
1556 877 
894 877 
4683 4683 
5052 278 
1352 877 
5047 877 
1589 4568 
5053 5054 
995 5054 
1727 101 
4756 4568 
4341 5055 
3540 5056 
1995 4807 
1259 5057 
1259 4695 
3540 3484 
3086 4695 
4699 4695 
4795 4695 
77 4795 
1050 5058 
2071 5058 
77 5058 
1045 5058 
2868 4795 
1951 5058 
368 1714 
4983 1959 
3560 877 
2608 3425 
2714 4695 
5053 4067 
708 2958 
5053 1998 
5053 2055 
5053 1738 
3051 1714 
439 1738 
4005 4795 
157 27 
3823 1738 
4328 1738 
