1768 298 
1727 298 
692 26 
1749 682 
569 26 
30 30 
1760 34 
346 204 
459 1769 
1542 1760 
1121 1770 
459 1770 
1771 204 
121 34 
1772 1209 
158 459 
1727 4 
1773 459 
420 459 
98 1489 
1727 1527 
726 1489 
1611 459 
1727 1438 
346 1774 
1611 682 
1134 459 
726 459 
539 1775 
8 459 
1727 1 
822 1776 
1170 1170 
808 204 
1108 1759 
1777 1036 
995 459 
346 1431 
158 1759 
690 203 
850 1032 
1259 1775 
1248 1170 
613 1778 
1611 1744 
503 1744 
1727 887 
879 1778 
146 1609 
1352 1779 
1343 1744 
77 1280 
459 1280 
1408 187 
158 1779 
280 1776 
903 391 
445 187 
1050 110 
1522 391 
609 1618 
459 1780 
609 1781 
1598 1618 
968 428 
224 1718 
609 1618 
726 48 
609 1618 
1157 48 
850 1749 
69 1780 
609 446 
372 459 
20 48 
1248 1749 
1687 298 
1259 119 
1782 1352 
