4952 10970 
1108 10960 
2714 10971 
7676 10972 
1890 1323 
6751 10973 
1352 10110 
8952 1507 
2481 10973 
656 10974 
4011 656 
2996 656 
1951 10975 
679 656 
4902 7281 
5941 10846 
9906 10865 
4902 2319 
2983 10865 
4902 10865 
4902 10865 
5972 10865 
10580 10865 
10580 10865 
10976 10977 
4902 10977 
2983 10865 
9067 4677 
10977 10977 
7078 10977 
10189 5076 
8962 8962 
10978 5076 
3924 8810 
1108 10132 
3924 8810 
2267 10605 
7753 10979 
1642 4107 
10980 10605 
9510 10981 
1853 1323 
10982 8810 
8904 10983 
10984 10983 
10984 1507 
4251 10966 
