903 5059 
4719 77 
5172 5308 
2711 4363 
4397 5308 
5309 3148 
2714 5059 
562 5303 
4005 4902 
2868 3627 
5230 5310 
1645 5299 
4641 62 
3540 1170 
5311 612 
199 3848 
199 5312 
77 1170 
3095 5312 
4692 612 
1352 1170 
1611 1170 
995 4845 
995 4381 
4192 1352 
1890 5310 
5313 1170 
4123 1352 
2535 1170 
968 2374 
66 2374 
995 2374 
5012 2049 
4251 2374 
5314 916 
5088 2374 
4719 77 
2963 1323 
76 679 
1259 448 
3411 1170 
453 5315 
562 679 
2764 679 
5162 1170 
3095 3715 
2252 2486 
3540 3148 
2248 2374 
3540 5059 
2090 3536 
4952 3536 
2785 2486 
4005 2299 
