850 10337 
4952 9169 
4076 2856 
11462 11734 
11299 11299 
10994 3408 
2481 9276 
10659 11734 
850 9276 
6126 11488 
6457 9276 
6359 11735 
10659 4872 
850 4400 
7389 11736 
4407 10559 
1985 5499 
5185 11736 
6551 9276 
3408 11737 
709 9276 
4902 7898 
4902 8286 
1142 5499 
9479 2324 
4440 11727 
10659 2704 
5180 11736 
834 10293 
6510 10659 
1234 11736 
759 9276 
11462 9276 
11462 9276 
5493 5457 
11038 11738 
9510 2576 
7780 9689 
3293 5457 
3293 5457 
4769 9689 
2714 11739 
2763 11736 
138 11740 
8376 11741 
11742 7886 
