12157 5883 
188 1234 
11469 11234 
6548 12453 
12064 12227 
7177 1190 
837 6443 
837 1890 
12927 7046 
3291 5731 
850 1818 
2215 5731 
10097 3148 
5972 12928 
12518 12419 
10659 2856 
10659 12929 
1248 3148 
11688 3148 
10659 12930 
11688 2856 
2905 3148 
3369 10881 
2640 9495 
11688 9495 
7898 2704 
7164 12767 
12737 9495 
12931 1691 
2675 12530 
1321 12932 
2758 3148 
7686 1531 
6178 3148 
10529 2895 
138 12933 
89 12934 
3396 3928 
6721 12935 
2867 12936 
6358 9495 
8819 10828 
2963 6202 
3479 12933 
4936 12933 
3095 10194 
2638 10194 
837 4936 
6551 10194 
6751 12937 
12938 12937 
5927 12530 
850 10194 
