2548 1992 
1343 15 
1541 2950 
1522 2541 
57 90 
256 2950 
2951 570 
2725 2952 
34 1291 
188 1291 
124 2950 
2953 299 
2021 299 
1769 2950 
2029 1963 
770 1589 
153 2950 
2954 561 
2897 2950 
599 2950 
872 1355 
2955 1288 
2844 1129 
2029 2379 
2267 2952 
97 2425 
519 1589 
2548 2952 
2956 608 
2803 2950 
2621 2425 
1336 2950 
1343 1129 
2766 1050 
768 1050 
445 2798 
1239 2379 
1611 2214 
2411 60 
98 945 
2957 347 
2958 5 
679 347 
2959 15 
1434 347 
2960 2950 
1768 945 
1434 2950 
2351 2934 
278 347 
31 2211 
408 347 
114 945 
2714 347 
2763 1582 
20 2379 
2817 347 
726 2952 
2094 1589 
156 679 
800 2725 
2961 2883 
1157 156 
2255 539 
1248 1247 
43 1247 
1050 2214 
908 2962 
77 2950 
2267 156 
298 2950 
2248 1917 
1550 2420 
153 347 
2790 2950 
182 15 
2393 2798 
2963 2958 
2964 726 
2965 74 
109 2029 
575 800 
