382 2704 
9096 8322 
6126 7740 
8914 6669 
9171 7391 
4072 9172 
1682 8703 
77 5701 
5180 9173 
2053 7740 
346 2704 
1851 9174 
1400 9173 
5180 5457 
3575 9018 
3095 9175 
3906 9173 
43 2370 
4692 9019 
9176 2671 
3226 9173 
850 4698 
8819 1749 
74 7768 
7900 4902 
616 4902 
850 8956 
9177 9103 
6174 4902 
5972 9070 
4902 5916 
5972 9178 
9179 9163 
3906 9070 
5493 5457 
9103 9103 
616 5836 
9180 9070 
1556 9070 
1247 7768 
3712 9070 
2714 6204 
7325 9181 
346 4048 
6224 9154 
9182 5457 
2287 9159 
